results/regime_search/holiday_to_work_personal: 28 days from Monday; accuracy per day (%), then the moved-since-round half
agent             T1  W2  T3  F4  S5  S6  M7  T8  W9  T10 F11 S12 S13 M14 T15 W16 T17 F18 S19 S20 M21 T22 W23 T24 F25 S26 S27
--- all
oracle:recency     54  50  48  48  48  48  51  51  49  48  48  50  47  48  47  52  43  48  44  51  48  47  50  48  50  44  46
oracle:yesterday   30  40  38  37  32  33  37  42  38  32  36  35  33  26  35  35  38  31  40  35  45  35  41  33  35  34  40
oracle:routine     27  39  30  32   0  25  34  31  36  33  33  33  28  24  26  24  25  18  25  27  19  28  27  26  28  24  25
lastseen           56  52  50  50  49  50  52  52  51  49  49  51  49  50  49  54  45  49  46  53  50  49  51  50  51  45  48
mostfreq           33  56  57  60  57  63  61  65  61  59  62  62  63  55  58  61  57  69  62  64  62  65  64  64  66  60  62
mostfreq_hl1d      41  59  54  62  60  62  57  62  57  57  59  62  61  58  63  62  52  66  60  64  62  62  63  59  60  54  57
timetable          47  72  71  76  80  81  79  82  77  74  82  78  83  70  77  73  74  86  80  79  79  78  77  77  76  78  78
timetable_hl3d     49  72  72  79  81  82  81  82  77  77  83  79  82  72  78  73  74  90  81  80  82  78  80  79  78  77  81
periodic           49  60  63  64  66  69  70  68  68  64  69  70  70  65  62  68  60  66  62  68  64  66  65  67  68  58  63
perpetua           56  55  62  67  69  66  66  66  66  64  67  66  67  63  58  65  58  66  65  65  64  67  66  67  60  60  60
--- moved
oracle:recency     53  47  47  47  47  47  49  53  50  45  46  48  47  46  43  48  44  47  42  47  39  43  46  43  46  43  45
oracle:yesterday   28  37  34  33  29  32  34  40  36  27  34  31  28  21  28  31  38  28  37  28  36  29  35  28  34  33  35
oracle:routine     25  38  25  28   0  25  31  30  36  28  31  31  23  20  24  24  21  16  24  22  17  22  21  21  26  21  21
lastseen           55  48  50  49  48  49  50  54  51  47  47  49  49  48  45  51  46  48  43  49  41  45  48  44  47  44  47
mostfreq           31  55  59  60  59  63  63  67  62  58  62  61  63  58  60  62  63  71  62  66  61  68  66  63  67  63  65
mostfreq_hl1d      39  59  55  61  62  62  58  65  58  57  59  62  63  60  62  61  55  68  59  64  58  61  63  56  60  57  59
timetable          46  74  73  76  82  82  80  83  78  73  84  79  84  72  78  76  78  88  81  82  84  80  79  79  78  81  81
timetable_hl3d     48  75  74  78  84  83  81  84  77  76  84  79  83  74  80  75  78  91  82  82  85  81  82  81  79  79  84
periodic           48  59  64  64  67  70  70  73  69  64  69  70  71  64  60  69  64  66  60  66  60  65  64  65  67  60  64
perpetua           55  54  62  67  71  68  67  69  68  64  67  65  68  65  59  66  63  69  66  66  63  70  67  69  63  64  64

--- per stage (moved | still)
oracle:recency    home:48(7513)  home:59(807)  work:44(7790)  work:69(1170)
oracle:routine    home:27(7513)  home:53(807)  work:21(7790)  work:46(1170)
oracle:yesterday  home:32(7513)  home:64(807)  work:31(7790)  work:65(1170)
lastseen          home:50(7513)  home:59(807)  work:46(7790)  work:69(1170)
mostfreq          home:59(7513)  home:55(807)  work:64(7790)  work:49(1170)
timetable         home:77(7513)  home:65(807)  work:80(7790)  work:61(1170)
periodic          home:66(7513)  home:60(807)  work:64(7790)  work:68(1170)
perpetua          home:65(7513)  home:58(807)  work:65(7790)  work:50(1170)
timetable_hl3d    home:78(7513)  home:68(807)  work:81(7790)  work:64(1170)
mostfreq_hl1d     home:59(7513)  home:53(807)  work:60(7790)  work:60(1170)
