
#### RECEPTACLE-level accuracy vs days of experience (confirmatory, clustered 95% CI) ####

  ### RARE
   days      llm_direct       llm_nomem          fusion   classical_C3g    classical_C1
      1 0.87[0.78,0.95] 0.60[0.48,0.73] 0.75[0.57,0.91] 0.13[0.00,0.32] 0.13[0.00,0.32]
      2 0.83[0.71,0.92] 0.61[0.47,0.77] 0.83[0.71,0.92] 0.22[0.00,0.47] 0.22[0.00,0.47]
      3 0.81[0.69,0.91] 0.61[0.42,0.79] 0.66[0.42,0.88] 0.31[0.09,0.56] 0.31[0.09,0.56]
      5 0.88[0.81,0.96] 0.64[0.42,0.83] 0.56[0.31,0.79] 0.23[0.05,0.45] 0.23[0.05,0.45]
      7 0.73[0.55,0.87] 0.60[0.36,0.81] 0.51[0.23,0.75] 0.23[0.05,0.45] 0.23[0.05,0.45]
     10 0.83[0.73,0.92] 0.43[0.23,0.62] 0.62[0.38,0.86] 0.31[0.09,0.56] 0.31[0.09,0.56]
     14 0.77[0.62,0.90] 0.53[0.32,0.73] 0.62[0.38,0.86] 0.36[0.12,0.62] 0.36[0.12,0.62]

  ### MEDIUM
   days      llm_direct       llm_nomem          fusion   classical_C3g    classical_C1
      1 0.48[0.14,0.71] 0.38[0.00,0.71] 0.57[0.29,0.86] 0.57[0.29,0.86] 0.57[0.29,0.86]
      2 0.52[0.14,0.86] 0.52[0.29,0.86] 0.57[0.29,0.86] 0.57[0.29,0.86] 0.57[0.29,0.86]
      3 0.33[0.00,0.57] 0.48[0.29,0.86] 0.29[0.00,0.57] 0.29[0.00,0.57] 0.29[0.00,0.57]
      5 0.19[0.00,0.57] 0.29[0.00,0.57] 0.29[0.00,0.57] 0.29[0.00,0.57] 0.29[0.00,0.57]
      7 0.29[0.00,0.57] 0.33[0.14,0.57] 0.57[0.29,0.86] 0.57[0.29,0.86] 0.57[0.29,0.86]
     10 0.14[0.00,0.43] 0.38[0.29,0.43] 0.71[0.57,0.86] 0.71[0.57,0.86] 0.71[0.57,0.86]
     14 0.19[0.00,0.43] 0.14[0.00,0.29] 0.43[0.00,0.71] 0.38[0.00,0.71] 0.38[0.00,0.71]

  ### FREQUENT
   days      llm_direct       llm_nomem          fusion   classical_C3g    classical_C1
      1 0.07[0.00,0.14] 0.14[0.00,0.29] 0.07[0.00,0.14] 0.00[0.00,0.00] 0.00[0.00,0.00]
      2 0.07[0.00,0.21] 0.14[0.04,0.25] 0.25[0.00,0.50] 0.00[0.00,0.00] 0.00[0.00,0.00]
      3 0.25[0.04,0.57] 0.36[0.00,0.75] 0.43[0.00,0.86] 0.43[0.00,0.86] 0.43[0.00,0.86]
      5 0.25[0.00,0.75] 0.36[0.00,0.75] 0.25[0.00,0.75] 0.68[0.25,1.00] 0.68[0.25,1.00]
      7 0.32[0.00,0.75] 0.43[0.00,0.86] 0.39[0.00,0.79] 0.68[0.25,1.00] 0.68[0.25,1.00]
     10 0.07[0.00,0.21] 0.36[0.00,0.75] 0.32[0.00,0.75] 0.54[0.07,1.00] 0.54[0.07,1.00]
     14 0.50[0.07,0.93] 0.32[0.07,0.57] 0.25[0.00,0.64] 0.29[0.00,0.75] 0.29[0.00,0.75]

  ### ALL
   days      llm_direct       llm_nomem          fusion   classical_C3g    classical_C1
      1 0.63[0.46,0.79] 0.46[0.33,0.60] 0.57[0.40,0.74] 0.17[0.05,0.33] 0.17[0.05,0.33]
      2 0.61[0.44,0.78] 0.49[0.36,0.63] 0.66[0.50,0.79] 0.23[0.07,0.40] 0.23[0.07,0.40]
      3 0.60[0.45,0.76] 0.53[0.37,0.69] 0.55[0.36,0.73] 0.33[0.16,0.52] 0.33[0.16,0.52]
      5 0.63[0.43,0.81] 0.52[0.34,0.68] 0.44[0.25,0.63] 0.34[0.17,0.52] 0.34[0.17,0.52]
      7 0.56[0.39,0.72] 0.52[0.34,0.68] 0.49[0.31,0.68] 0.39[0.21,0.58] 0.39[0.21,0.58]
     10 0.55[0.37,0.72] 0.40[0.25,0.55] 0.57[0.38,0.75] 0.43[0.25,0.62] 0.43[0.25,0.62]
     14 0.61[0.44,0.77] 0.42[0.26,0.57] 0.51[0.31,0.71] 0.35[0.17,0.54] 0.35[0.17,0.54]

#### ROOM-level accuracy vs days of experience (confirmatory, clustered 95% CI) ####

  ### RARE
   days      llm_direct       llm_nomem          fusion   classical_C3g    classical_C1
      1 0.87[0.78,0.95] 0.64[0.52,0.75] 0.75[0.57,0.91] 0.13[0.00,0.32] 0.13[0.00,0.32]
      2 0.83[0.71,0.92] 0.62[0.48,0.78] 0.83[0.71,0.92] 0.22[0.00,0.47] 0.22[0.00,0.47]
      3 0.81[0.69,0.91] 0.62[0.43,0.81] 0.66[0.42,0.88] 0.31[0.09,0.56] 0.31[0.09,0.56]
      5 0.88[0.81,0.96] 0.64[0.42,0.83] 0.56[0.31,0.79] 0.23[0.05,0.45] 0.23[0.05,0.45]
      7 0.75[0.56,0.90] 0.60[0.36,0.81] 0.60[0.34,0.84] 0.32[0.10,0.57] 0.32[0.10,0.57]
     10 0.83[0.73,0.92] 0.45[0.25,0.66] 0.71[0.47,0.92] 0.40[0.17,0.66] 0.40[0.17,0.66]
     14 0.83[0.70,0.94] 0.60[0.38,0.81] 0.71[0.47,0.92] 0.45[0.21,0.71] 0.45[0.21,0.71]

  ### MEDIUM
   days      llm_direct       llm_nomem          fusion   classical_C3g    classical_C1
      1 0.52[0.14,0.86] 0.43[0.00,0.71] 0.57[0.29,0.86] 0.57[0.29,0.86] 0.57[0.29,0.86]
      2 0.52[0.14,0.86] 0.52[0.29,0.86] 0.57[0.29,0.86] 0.57[0.29,0.86] 0.57[0.29,0.86]
      3 0.38[0.00,0.71] 0.48[0.29,0.86] 0.57[0.29,0.86] 0.57[0.29,0.86] 0.57[0.29,0.86]
      5 0.19[0.00,0.57] 0.48[0.29,0.57] 0.57[0.29,0.86] 0.57[0.29,0.86] 0.57[0.29,0.86]
      7 0.38[0.00,0.57] 0.43[0.14,0.57] 0.57[0.29,0.86] 0.57[0.29,0.86] 0.57[0.29,0.86]
     10 0.24[0.00,0.43] 0.48[0.29,0.71] 0.71[0.57,0.86] 0.71[0.57,0.86] 0.71[0.57,0.86]
     14 0.24[0.14,0.43] 0.33[0.14,0.57] 0.71[0.57,0.86] 0.67[0.43,0.86] 0.67[0.43,0.86]

  ### FREQUENT
   days      llm_direct       llm_nomem          fusion   classical_C3g    classical_C1
      1 0.11[0.00,0.21] 0.18[0.00,0.36] 0.07[0.00,0.14] 0.04[0.00,0.11] 0.04[0.00,0.11]
      2 0.11[0.00,0.21] 0.14[0.04,0.25] 0.29[0.07,0.50] 0.04[0.00,0.11] 0.04[0.00,0.11]
      3 0.25[0.04,0.57] 0.36[0.00,0.75] 0.43[0.00,0.86] 0.43[0.00,0.86] 0.43[0.00,0.86]
      5 0.25[0.00,0.75] 0.36[0.00,0.75] 0.25[0.00,0.75] 0.68[0.25,1.00] 0.68[0.25,1.00]
      7 0.32[0.00,0.75] 0.43[0.00,0.86] 0.39[0.00,0.79] 0.68[0.25,1.00] 0.68[0.25,1.00]
     10 0.07[0.00,0.21] 0.36[0.00,0.75] 0.32[0.00,0.75] 0.54[0.07,1.00] 0.54[0.07,1.00]
     14 0.54[0.07,1.00] 0.32[0.07,0.57] 0.25[0.00,0.64] 0.29[0.00,0.75] 0.29[0.00,0.75]

  ### ALL
   days      llm_direct       llm_nomem          fusion   classical_C3g    classical_C1
      1 0.64[0.48,0.80] 0.50[0.36,0.63] 0.57[0.40,0.74] 0.18[0.06,0.33] 0.18[0.06,0.33]
      2 0.62[0.45,0.78] 0.50[0.37,0.64] 0.67[0.52,0.79] 0.24[0.08,0.40] 0.24[0.08,0.40]
      3 0.61[0.45,0.76] 0.54[0.37,0.70] 0.60[0.41,0.77] 0.38[0.21,0.57] 0.38[0.21,0.57]
      5 0.63[0.43,0.81] 0.55[0.37,0.71] 0.49[0.30,0.67] 0.39[0.21,0.56] 0.39[0.21,0.56]
      7 0.60[0.41,0.75] 0.53[0.36,0.70] 0.55[0.36,0.73] 0.44[0.26,0.63] 0.44[0.26,0.63]
     10 0.56[0.39,0.74] 0.44[0.28,0.59] 0.63[0.44,0.79] 0.48[0.29,0.68] 0.48[0.29,0.68]
     14 0.67[0.50,0.83] 0.49[0.33,0.64] 0.61[0.42,0.79] 0.45[0.26,0.65] 0.45[0.26,0.65]
wrote /data/oliver/robot/dynamic_home_eqa/reports/reflect/reflect_curves_typd0_qwen36.png and /data/oliver/robot/dynamic_home_eqa/reports/reflect/reflect_entropy_typd0_qwen36.png
