
#### RECEPTACLE-level accuracy vs days of experience (confirmatory, clustered 95% CI) ####

  ### RARE
   days      llm_direct       llm_nomem          fusion   classical_C3g    classical_C1
      1 0.10[0.00,0.21] 0.06[0.00,0.15] 0.10[0.00,0.21] 0.01[0.00,0.02] 0.01[0.00,0.02]
      2 0.09[0.00,0.18] 0.09[0.02,0.18] 0.10[0.01,0.19] 0.01[0.00,0.02] 0.01[0.00,0.02]
      3 0.09[0.02,0.18] 0.12[0.02,0.24] 0.10[0.02,0.20] 0.02[0.00,0.04] 0.02[0.00,0.04]
      5 0.14[0.02,0.29] 0.19[0.07,0.33] 0.21[0.07,0.39] 0.12[0.02,0.25] 0.12[0.02,0.25]
      7 0.14[0.05,0.25] 0.19[0.06,0.33] 0.15[0.03,0.29] 0.12[0.02,0.26] 0.12[0.02,0.26]
     10 0.18[0.06,0.33] 0.17[0.06,0.32] 0.20[0.08,0.34] 0.12[0.02,0.26] 0.12[0.02,0.26]
     14 0.30[0.14,0.48] 0.17[0.06,0.30] 0.31[0.15,0.48] 0.16[0.02,0.32] 0.16[0.02,0.32]

  ### MEDIUM
   days      llm_direct       llm_nomem          fusion   classical_C3g    classical_C1
      1 0.02[0.00,0.05] 0.02[0.00,0.05] 0.02[0.00,0.05] 0.02[0.00,0.05] 0.02[0.00,0.05]
      2 0.04[0.00,0.09] 0.07[0.02,0.14] 0.14[0.02,0.36] 0.12[0.00,0.34] 0.12[0.00,0.34]
      3 0.23[0.04,0.50] 0.32[0.11,0.54] 0.39[0.12,0.66] 0.38[0.11,0.68] 0.38[0.11,0.68]
      5 0.23[0.05,0.48] 0.36[0.16,0.57] 0.41[0.12,0.71] 0.54[0.23,0.84] 0.54[0.23,0.84]
      7 0.20[0.04,0.45] 0.25[0.05,0.50] 0.29[0.04,0.59] 0.41[0.12,0.73] 0.41[0.12,0.73]
     10 0.18[0.02,0.41] 0.30[0.11,0.52] 0.25[0.04,0.50] 0.25[0.04,0.54] 0.25[0.04,0.54]
     14 0.30[0.09,0.54] 0.34[0.12,0.57] 0.46[0.20,0.73] 0.50[0.21,0.77] 0.50[0.21,0.77]

  ### FREQUENT
   days      llm_direct       llm_nomem          fusion   classical_C3g    classical_C1
      1 0.16[0.00,0.33] 0.10[0.00,0.27] 0.16[0.03,0.31] 0.10[0.00,0.30] 0.10[0.00,0.30]
      2 0.10[0.00,0.27] 0.16[0.01,0.36] 0.11[0.00,0.29] 0.10[0.00,0.30] 0.10[0.00,0.30]
      3 0.13[0.00,0.30] 0.19[0.03,0.37] 0.10[0.00,0.24] 0.21[0.00,0.50] 0.21[0.00,0.50]
      5 0.13[0.00,0.33] 0.21[0.06,0.43] 0.24[0.00,0.49] 0.34[0.07,0.61] 0.34[0.07,0.61]
      7 0.26[0.06,0.50] 0.29[0.09,0.53] 0.24[0.00,0.49] 0.24[0.00,0.49] 0.24[0.00,0.49]
     10 0.36[0.11,0.63] 0.29[0.09,0.51] 0.30[0.09,0.57] 0.19[0.00,0.41] 0.19[0.00,0.41]
     14 0.24[0.00,0.50] 0.27[0.10,0.47] 0.27[0.03,0.53] 0.31[0.06,0.61] 0.31[0.06,0.61]

  ### ALL
   days      llm_direct       llm_nomem          fusion   classical_C3g    classical_C1
      1 0.10[0.03,0.17] 0.06[0.01,0.13] 0.10[0.04,0.17] 0.04[0.00,0.10] 0.04[0.00,0.10]
      2 0.08[0.02,0.15] 0.10[0.04,0.18] 0.11[0.04,0.19] 0.06[0.00,0.14] 0.06[0.00,0.14]
      3 0.13[0.06,0.21] 0.18[0.10,0.27] 0.16[0.08,0.26] 0.15[0.05,0.27] 0.15[0.05,0.27]
      5 0.16[0.07,0.27] 0.23[0.15,0.34] 0.27[0.15,0.39] 0.27[0.15,0.41] 0.27[0.15,0.41]
      7 0.19[0.10,0.29] 0.23[0.13,0.34] 0.21[0.11,0.32] 0.22[0.11,0.34] 0.22[0.11,0.34]
     10 0.23[0.13,0.35] 0.23[0.14,0.34] 0.24[0.13,0.36] 0.17[0.07,0.28] 0.17[0.07,0.28]
     14 0.29[0.17,0.41] 0.24[0.15,0.34] 0.33[0.21,0.46] 0.28[0.15,0.42] 0.28[0.15,0.42]

#### ROOM-level accuracy vs days of experience (confirmatory, clustered 95% CI) ####

  ### RARE
   days      llm_direct       llm_nomem          fusion   classical_C3g    classical_C1
      1 0.31[0.13,0.51] 0.27[0.11,0.44] 0.31[0.13,0.51] 0.13[0.01,0.29] 0.13[0.01,0.29]
      2 0.30[0.13,0.48] 0.27[0.11,0.44] 0.31[0.14,0.49] 0.13[0.01,0.29] 0.13[0.01,0.29]
      3 0.35[0.16,0.56] 0.23[0.09,0.40] 0.37[0.17,0.57] 0.13[0.02,0.30] 0.13[0.02,0.30]
      5 0.37[0.17,0.57] 0.31[0.16,0.47] 0.48[0.29,0.70] 0.29[0.11,0.49] 0.29[0.11,0.49]
      7 0.29[0.12,0.47] 0.31[0.17,0.47] 0.40[0.20,0.60] 0.29[0.11,0.49] 0.29[0.11,0.49]
     10 0.31[0.13,0.51] 0.29[0.15,0.45] 0.37[0.17,0.57] 0.29[0.11,0.49] 0.29[0.11,0.49]
     14 0.37[0.20,0.56] 0.34[0.19,0.50] 0.43[0.25,0.62] 0.33[0.14,0.54] 0.33[0.14,0.54]

  ### MEDIUM
   days      llm_direct       llm_nomem          fusion   classical_C3g    classical_C1
      1 0.30[0.04,0.62] 0.36[0.11,0.62] 0.30[0.04,0.62] 0.38[0.12,0.75] 0.38[0.12,0.75]
      2 0.38[0.11,0.70] 0.38[0.14,0.62] 0.46[0.12,0.80] 0.48[0.12,0.84] 0.48[0.12,0.84]
      3 0.46[0.20,0.75] 0.52[0.30,0.71] 0.64[0.36,0.91] 0.61[0.25,0.88] 0.61[0.25,0.88]
      5 0.45[0.14,0.77] 0.50[0.25,0.75] 0.73[0.38,0.98] 0.73[0.44,0.98] 0.73[0.44,0.98]
      7 0.41[0.12,0.73] 0.38[0.11,0.66] 0.61[0.25,0.88] 0.61[0.25,0.88] 0.61[0.25,0.88]
     10 0.48[0.16,0.80] 0.43[0.18,0.70] 0.61[0.25,0.88] 0.48[0.12,0.82] 0.48[0.12,0.82]
     14 0.48[0.20,0.75] 0.45[0.18,0.73] 0.54[0.23,0.84] 0.57[0.25,0.86] 0.57[0.25,0.86]

  ### FREQUENT
   days      llm_direct       llm_nomem          fusion   classical_C3g    classical_C1
      1 0.30[0.09,0.56] 0.14[0.01,0.31] 0.20[0.04,0.39] 0.10[0.00,0.30] 0.10[0.00,0.30]
      2 0.29[0.07,0.53] 0.26[0.06,0.53] 0.31[0.07,0.60] 0.20[0.00,0.50] 0.20[0.00,0.50]
      3 0.31[0.10,0.57] 0.33[0.13,0.56] 0.29[0.07,0.54] 0.31[0.10,0.61] 0.31[0.10,0.61]
      5 0.29[0.07,0.54] 0.33[0.11,0.57] 0.37[0.13,0.64] 0.47[0.20,0.74] 0.47[0.20,0.74]
      7 0.36[0.11,0.63] 0.37[0.17,0.59] 0.36[0.11,0.63] 0.37[0.13,0.61] 0.37[0.13,0.61]
     10 0.37[0.14,0.63] 0.39[0.19,0.59] 0.40[0.14,0.69] 0.31[0.09,0.57] 0.31[0.09,0.57]
     14 0.34[0.14,0.57] 0.40[0.21,0.61] 0.43[0.19,0.69] 0.47[0.20,0.74] 0.47[0.20,0.74]

  ### ALL
   days      llm_direct       llm_nomem          fusion   classical_C3g    classical_C1
      1 0.31[0.18,0.44] 0.25[0.15,0.37] 0.28[0.15,0.41] 0.17[0.06,0.31] 0.17[0.06,0.31]
      2 0.31[0.19,0.45] 0.29[0.17,0.41] 0.35[0.21,0.48] 0.23[0.10,0.37] 0.23[0.10,0.37]
      3 0.37[0.23,0.50] 0.32[0.21,0.44] 0.40[0.27,0.55] 0.29[0.15,0.44] 0.29[0.15,0.44]
      5 0.36[0.23,0.50] 0.36[0.25,0.48] 0.51[0.36,0.66] 0.44[0.29,0.60] 0.44[0.29,0.60]
      7 0.33[0.21,0.47] 0.34[0.23,0.46] 0.43[0.29,0.58] 0.38[0.23,0.53] 0.38[0.23,0.53]
     10 0.37[0.23,0.51] 0.35[0.24,0.46] 0.43[0.28,0.58] 0.34[0.19,0.48] 0.34[0.19,0.48]
     14 0.39[0.26,0.52] 0.38[0.27,0.50] 0.45[0.32,0.59] 0.42[0.27,0.58] 0.42[0.27,0.58]
wrote /data/oliver/robot/dynamic_home_eqa/reports/reflect/reflect_curves_d0_qwen36.png and /data/oliver/robot/dynamic_home_eqa/reports/reflect/reflect_entropy_d0_qwen36.png
