alpha sweep on DEV (210 queries, held-out accuracy):
  alpha=1:  fusion acc=0.376
  alpha=2:  fusion acc=0.395
  alpha=3:  fusion acc=0.352
  alpha=5:  fusion acc=0.343
  alpha=8:  fusion acc=0.314
  => FROZEN alpha* = 2

#### RECEPTACLE-level accuracy vs days of experience (confirmatory, clustered 95% CI) ####

  ### RARE
   days      llm_direct       llm_nomem          fusion   classical_C3g    classical_C1
      1 0.38[0.12,0.67] 0.21[0.07,0.38] 0.33[0.14,0.52] 0.00[0.00,0.00] 0.00[0.00,0.00]
      2 0.33[0.17,0.50] 0.40[0.19,0.64] 0.50[0.29,0.74] 0.24[0.00,0.57] 0.24[0.00,0.57]
      3 0.29[0.10,0.48] 0.40[0.17,0.69] 0.62[0.38,0.83] 0.26[0.02,0.57] 0.26[0.02,0.57]
      5 0.29[0.10,0.48] 0.50[0.31,0.69] 0.67[0.40,0.90] 0.50[0.21,0.79] 0.50[0.21,0.79]
      7 0.24[0.07,0.43] 0.26[0.07,0.48] 0.33[0.10,0.60] 0.33[0.10,0.60] 0.33[0.10,0.60]
     10 0.33[0.10,0.60] 0.33[0.10,0.60] 0.31[0.07,0.57] 0.31[0.07,0.57] 0.31[0.07,0.57]
     14 0.19[0.05,0.33] 0.29[0.10,0.55] 0.31[0.07,0.57] 0.31[0.07,0.57] 0.31[0.07,0.57]

  ### MEDIUM
   days      llm_direct       llm_nomem          fusion   classical_C3g    classical_C1
      1 0.52[0.24,0.79] 0.48[0.19,0.76] 0.45[0.17,0.74] 0.45[0.17,0.76] 0.45[0.17,0.76]
      2 0.40[0.19,0.69] 0.33[0.05,0.67] 0.43[0.19,0.71] 0.43[0.19,0.71] 0.43[0.19,0.71]
      3 0.55[0.33,0.79] 0.50[0.24,0.71] 0.50[0.21,0.79] 0.50[0.21,0.79] 0.50[0.21,0.79]
      5 0.69[0.45,0.90] 0.55[0.38,0.71] 0.38[0.12,0.62] 0.38[0.14,0.62] 0.38[0.14,0.62]
      7 0.60[0.26,0.90] 0.43[0.21,0.64] 0.48[0.19,0.76] 0.19[0.02,0.40] 0.19[0.02,0.40]
     10 0.57[0.24,0.88] 0.40[0.17,0.67] 0.62[0.31,0.90] 0.36[0.07,0.67] 0.36[0.07,0.67]
     14 0.43[0.19,0.71] 0.50[0.24,0.74] 0.52[0.26,0.76] 0.55[0.24,0.86] 0.43[0.14,0.76]

  ### FREQUENT
   days      llm_direct       llm_nomem          fusion   classical_C3g    classical_C1
      1 0.14[0.00,0.33] 0.12[0.02,0.24] 0.14[0.00,0.33] 0.10[0.00,0.19] 0.10[0.00,0.19]
      2 0.24[0.07,0.43] 0.12[0.02,0.24] 0.21[0.05,0.40] 0.10[0.00,0.19] 0.10[0.00,0.19]
      3 0.26[0.10,0.43] 0.24[0.07,0.40] 0.31[0.05,0.64] 0.36[0.10,0.69] 0.36[0.10,0.69]
      5 0.21[0.05,0.40] 0.19[0.02,0.38] 0.40[0.14,0.69] 0.29[0.02,0.62] 0.29[0.02,0.62]
      7 0.38[0.12,0.67] 0.26[0.05,0.55] 0.50[0.19,0.81] 0.57[0.21,0.88] 0.62[0.33,0.88]
     10 0.31[0.14,0.45] 0.24[0.02,0.48] 0.24[0.02,0.55] 0.26[0.05,0.60] 0.26[0.05,0.60]
     14 0.21[0.05,0.40] 0.43[0.26,0.60] 0.26[0.05,0.60] 0.43[0.10,0.76] 0.43[0.10,0.76]

  ### ALL
   days      llm_direct       llm_nomem          fusion   classical_C3g    classical_C1
      1 0.35[0.19,0.51] 0.27[0.13,0.41] 0.31[0.16,0.46] 0.18[0.06,0.33] 0.18[0.06,0.33]
      2 0.33[0.21,0.46] 0.29[0.14,0.44] 0.38[0.24,0.53] 0.25[0.11,0.42] 0.25[0.11,0.42]
      3 0.37[0.23,0.50] 0.38[0.24,0.52] 0.48[0.32,0.63] 0.37[0.21,0.56] 0.37[0.21,0.56]
      5 0.40[0.25,0.56] 0.41[0.29,0.54] 0.48[0.33,0.64] 0.39[0.23,0.56] 0.39[0.23,0.56]
      7 0.40[0.24,0.57] 0.32[0.18,0.46] 0.44[0.28,0.61] 0.37[0.20,0.54] 0.38[0.21,0.55]
     10 0.40[0.25,0.56] 0.33[0.17,0.48] 0.39[0.21,0.57] 0.31[0.15,0.47] 0.31[0.15,0.47]
     14 0.28[0.16,0.41] 0.40[0.28,0.54] 0.37[0.21,0.53] 0.43[0.25,0.61] 0.39[0.21,0.56]

#### ROOM-level accuracy vs days of experience (confirmatory, clustered 95% CI) ####

  ### RARE
   days      llm_direct       llm_nomem          fusion   classical_C3g    classical_C1
      1 0.83[0.71,0.95] 0.67[0.40,0.90] 0.74[0.55,0.90] 0.00[0.00,0.00] 0.00[0.00,0.00]
      2 0.76[0.57,0.93] 0.67[0.50,0.83] 0.76[0.57,0.93] 0.24[0.00,0.57] 0.24[0.00,0.57]
      3 0.76[0.57,0.93] 0.52[0.31,0.76] 0.71[0.43,0.95] 0.26[0.02,0.57] 0.26[0.02,0.57]
      5 0.76[0.57,0.93] 0.52[0.33,0.69] 0.69[0.40,0.93] 0.52[0.21,0.83] 0.52[0.21,0.83]
      7 0.71[0.48,0.93] 0.45[0.17,0.74] 0.69[0.40,0.93] 0.52[0.21,0.83] 0.52[0.21,0.83]
     10 0.81[0.62,0.98] 0.50[0.21,0.79] 0.67[0.38,0.90] 0.50[0.19,0.81] 0.50[0.19,0.81]
     14 0.67[0.38,0.90] 0.45[0.19,0.74] 0.67[0.38,0.90] 0.50[0.19,0.81] 0.50[0.19,0.81]

  ### MEDIUM
   days      llm_direct       llm_nomem          fusion   classical_C3g    classical_C1
      1 0.57[0.26,0.88] 0.52[0.19,0.86] 0.55[0.26,0.83] 0.50[0.17,0.83] 0.50[0.17,0.83]
      2 0.52[0.24,0.81] 0.43[0.12,0.76] 0.55[0.24,0.83] 0.55[0.24,0.83] 0.55[0.24,0.83]
      3 0.67[0.48,0.86] 0.57[0.31,0.81] 0.62[0.31,0.90] 0.62[0.33,0.90] 0.62[0.33,0.90]
      5 0.79[0.67,0.90] 0.71[0.52,0.88] 0.67[0.38,0.90] 0.67[0.38,0.90] 0.67[0.38,0.90]
      7 0.62[0.33,0.90] 0.60[0.31,0.83] 0.76[0.48,0.95] 0.48[0.14,0.83] 0.48[0.14,0.83]
     10 0.60[0.29,0.88] 0.50[0.24,0.74] 0.74[0.40,0.95] 0.48[0.14,0.83] 0.48[0.14,0.83]
     14 0.48[0.26,0.71] 0.57[0.31,0.79] 0.60[0.29,0.88] 0.60[0.26,0.93] 0.48[0.14,0.83]

  ### FREQUENT
   days      llm_direct       llm_nomem          fusion   classical_C3g    classical_C1
      1 0.17[0.02,0.33] 0.14[0.05,0.24] 0.17[0.02,0.33] 0.10[0.00,0.19] 0.10[0.00,0.19]
      2 0.26[0.07,0.48] 0.17[0.05,0.26] 0.21[0.05,0.40] 0.10[0.00,0.19] 0.10[0.00,0.19]
      3 0.31[0.10,0.52] 0.24[0.07,0.40] 0.36[0.10,0.64] 0.38[0.10,0.71] 0.38[0.10,0.71]
      5 0.24[0.07,0.40] 0.26[0.07,0.48] 0.40[0.14,0.69] 0.38[0.10,0.71] 0.38[0.10,0.71]
      7 0.38[0.12,0.67] 0.29[0.05,0.57] 0.52[0.21,0.83] 0.67[0.33,0.95] 0.71[0.43,0.95]
     10 0.40[0.17,0.67] 0.24[0.02,0.48] 0.24[0.02,0.55] 0.26[0.05,0.60] 0.26[0.05,0.60]
     14 0.24[0.07,0.40] 0.45[0.29,0.62] 0.26[0.05,0.60] 0.43[0.10,0.76] 0.43[0.10,0.76]

  ### ALL
   days      llm_direct       llm_nomem          fusion   classical_C3g    classical_C1
      1 0.52[0.34,0.70] 0.44[0.27,0.63] 0.48[0.32,0.66] 0.20[0.06,0.37] 0.20[0.06,0.37]
      2 0.52[0.34,0.69] 0.42[0.25,0.59] 0.51[0.33,0.68] 0.29[0.13,0.47] 0.29[0.13,0.47]
      3 0.58[0.42,0.73] 0.44[0.30,0.59] 0.56[0.39,0.74] 0.42[0.24,0.61] 0.42[0.24,0.61]
      5 0.60[0.44,0.75] 0.50[0.36,0.64] 0.59[0.42,0.75] 0.52[0.33,0.70] 0.52[0.33,0.70]
      7 0.57[0.40,0.74] 0.44[0.27,0.61] 0.66[0.49,0.83] 0.56[0.36,0.74] 0.57[0.38,0.75]
     10 0.60[0.44,0.76] 0.41[0.25,0.57] 0.55[0.36,0.74] 0.41[0.23,0.60] 0.41[0.23,0.60]
     14 0.46[0.31,0.62] 0.49[0.36,0.63] 0.51[0.33,0.69] 0.51[0.31,0.71] 0.47[0.28,0.67]
wrote /data/oliver/robot/dynamic_home_eqa/reports/reflect/reflect_curves_qwen36_orand5.png and /data/oliver/robot/dynamic_home_eqa/reports/reflect/reflect_entropy_qwen36_orand5.png
