
#### RECEPTACLE-level accuracy vs days of experience (confirmatory, clustered 95% CI) ####

  ### RARE
   days      llm_direct       llm_nomem          fusion   classical_C3g    classical_C1
      1 0.38[0.14,0.62] 0.40[0.17,0.64] 0.57[0.29,0.81] 0.57[0.19,0.90] 0.57[0.19,0.90]
      2 0.29[0.10,0.48] 0.43[0.24,0.62] 0.43[0.19,0.69] 0.71[0.52,0.90] 0.71[0.52,0.90]
      3 0.24[0.07,0.40] 0.40[0.21,0.62] 0.67[0.50,0.83] 0.64[0.38,0.90] 0.64[0.38,0.90]
      5 0.19[0.05,0.36] 0.45[0.21,0.71] 0.67[0.40,0.90] 0.67[0.40,0.90] 0.67[0.40,0.90]
      7 0.31[0.07,0.57] 0.48[0.33,0.69] 0.55[0.29,0.79] 0.55[0.26,0.83] 0.67[0.40,0.90]
     10 0.45[0.14,0.74] 0.40[0.26,0.60] 0.50[0.26,0.74] 0.52[0.24,0.81] 0.64[0.38,0.90]
     14 0.29[0.10,0.48] 0.55[0.43,0.74] 0.40[0.14,0.71] 0.52[0.26,0.79] 0.62[0.38,0.83]

  ### MEDIUM
   days      llm_direct       llm_nomem          fusion   classical_C3g    classical_C1
      1 0.62[0.43,0.81] 0.48[0.26,0.67] 0.67[0.43,0.90] 0.45[0.17,0.76] 0.45[0.17,0.76]
      2 0.48[0.24,0.74] 0.50[0.31,0.69] 0.48[0.24,0.74] 0.48[0.19,0.76] 0.48[0.19,0.76]
      3 0.40[0.19,0.69] 0.52[0.33,0.71] 0.69[0.50,0.86] 0.48[0.19,0.76] 0.48[0.19,0.76]
      5 0.38[0.10,0.71] 0.55[0.36,0.71] 0.50[0.21,0.76] 0.71[0.48,0.90] 0.45[0.17,0.76]
      7 0.50[0.19,0.83] 0.60[0.43,0.79] 0.64[0.43,0.86] 0.52[0.21,0.86] 0.43[0.14,0.76]
     10 0.57[0.43,0.69] 0.48[0.29,0.69] 0.62[0.52,0.69] 0.50[0.19,0.81] 0.52[0.24,0.81]
     14 0.31[0.07,0.55] 0.36[0.17,0.52] 0.45[0.19,0.74] 0.60[0.40,0.81] 0.48[0.24,0.69]

  ### FREQUENT
   days      llm_direct       llm_nomem          fusion   classical_C3g    classical_C1
      1 0.26[0.05,0.50] 0.21[0.05,0.40] 0.24[0.05,0.48] 0.40[0.14,0.69] 0.40[0.14,0.69]
      2 0.31[0.10,0.52] 0.26[0.14,0.38] 0.45[0.31,0.55] 0.57[0.29,0.86] 0.40[0.14,0.69]
      3 0.24[0.10,0.38] 0.19[0.05,0.36] 0.50[0.26,0.74] 0.55[0.26,0.83] 0.36[0.10,0.69]
      5 0.24[0.07,0.43] 0.31[0.14,0.48] 0.55[0.31,0.79] 0.64[0.43,0.86] 0.43[0.17,0.69]
      7 0.17[0.02,0.33] 0.29[0.14,0.43] 0.57[0.29,0.81] 0.62[0.29,0.90] 0.36[0.10,0.64]
     10 0.24[0.07,0.40] 0.36[0.12,0.60] 0.69[0.43,0.90] 0.69[0.40,0.93] 0.36[0.10,0.64]
     14 0.36[0.12,0.62] 0.26[0.07,0.45] 0.69[0.45,0.90] 0.67[0.36,0.93] 0.36[0.10,0.64]

  ### ALL
   days      llm_direct       llm_nomem          fusion   classical_C3g    classical_C1
      1 0.42[0.26,0.57] 0.37[0.23,0.49] 0.49[0.32,0.66] 0.48[0.29,0.67] 0.48[0.29,0.67]
      2 0.36[0.22,0.50] 0.40[0.29,0.51] 0.45[0.33,0.59] 0.59[0.43,0.75] 0.53[0.37,0.70]
      3 0.29[0.18,0.42] 0.37[0.25,0.50] 0.62[0.50,0.74] 0.56[0.39,0.72] 0.49[0.32,0.67]
      5 0.27[0.14,0.41] 0.44[0.31,0.56] 0.57[0.42,0.72] 0.67[0.53,0.80] 0.52[0.34,0.69]
      7 0.33[0.17,0.49] 0.45[0.33,0.58] 0.59[0.44,0.72] 0.56[0.38,0.74] 0.48[0.31,0.67]
     10 0.42[0.28,0.56] 0.41[0.29,0.54] 0.60[0.48,0.72] 0.57[0.40,0.74] 0.51[0.34,0.68]
     14 0.32[0.19,0.45] 0.39[0.27,0.51] 0.52[0.36,0.68] 0.60[0.44,0.75] 0.48[0.33,0.64]

#### ROOM-level accuracy vs days of experience (confirmatory, clustered 95% CI) ####

  ### RARE
   days      llm_direct       llm_nomem          fusion   classical_C3g    classical_C1
      1 0.74[0.50,0.93] 0.60[0.38,0.81] 0.76[0.57,0.93] 0.60[0.19,0.93] 0.60[0.19,0.93]
      2 0.67[0.48,0.86] 0.57[0.45,0.71] 0.74[0.52,0.93] 0.74[0.52,0.93] 0.74[0.52,0.93]
      3 0.69[0.45,0.90] 0.62[0.36,0.86] 0.74[0.52,0.93] 0.67[0.38,0.90] 0.67[0.38,0.90]
      5 0.67[0.36,0.93] 0.71[0.50,0.93] 0.69[0.40,0.93] 0.69[0.40,0.93] 0.69[0.40,0.93]
      7 0.67[0.36,0.93] 0.71[0.52,0.90] 0.76[0.57,0.93] 0.69[0.40,0.93] 0.69[0.40,0.93]
     10 0.81[0.62,0.98] 0.64[0.43,0.86] 0.74[0.52,0.93] 0.67[0.38,0.90] 0.67[0.38,0.90]
     14 0.69[0.36,0.93] 0.71[0.52,0.90] 0.71[0.43,0.93] 0.69[0.40,0.93] 0.69[0.40,0.93]

  ### MEDIUM
   days      llm_direct       llm_nomem          fusion   classical_C3g    classical_C1
      1 0.71[0.43,0.95] 0.64[0.36,0.86] 0.71[0.43,0.95] 0.50[0.19,0.86] 0.50[0.19,0.86]
      2 0.76[0.52,0.95] 0.60[0.40,0.76] 0.76[0.52,0.95] 0.52[0.21,0.86] 0.52[0.21,0.86]
      3 0.69[0.43,0.93] 0.67[0.43,0.86] 0.74[0.52,0.93] 0.52[0.21,0.86] 0.52[0.21,0.86]
      5 0.67[0.33,0.95] 0.69[0.57,0.81] 0.62[0.31,0.90] 0.76[0.48,0.95] 0.50[0.19,0.86]
      7 0.57[0.29,0.86] 0.76[0.60,0.93] 0.74[0.50,0.93] 0.64[0.29,0.95] 0.48[0.14,0.83]
     10 0.67[0.45,0.88] 0.67[0.40,0.88] 0.74[0.57,0.90] 0.62[0.29,0.93] 0.57[0.26,0.86]
     14 0.57[0.29,0.81] 0.62[0.40,0.83] 0.74[0.48,0.95] 0.76[0.52,0.95] 0.57[0.26,0.86]

  ### FREQUENT
   days      llm_direct       llm_nomem          fusion   classical_C3g    classical_C1
      1 0.40[0.14,0.67] 0.33[0.12,0.55] 0.40[0.14,0.69] 0.43[0.14,0.71] 0.43[0.14,0.71]
      2 0.40[0.17,0.64] 0.40[0.19,0.67] 0.55[0.36,0.71] 0.60[0.29,0.88] 0.43[0.14,0.71]
      3 0.31[0.12,0.52] 0.38[0.12,0.67] 0.52[0.26,0.76] 0.57[0.26,0.86] 0.38[0.10,0.71]
      5 0.43[0.17,0.71] 0.48[0.21,0.71] 0.57[0.31,0.81] 0.67[0.45,0.88] 0.45[0.17,0.74]
      7 0.33[0.07,0.64] 0.50[0.26,0.76] 0.60[0.31,0.83] 0.64[0.33,0.93] 0.38[0.10,0.67]
     10 0.38[0.12,0.67] 0.55[0.26,0.81] 0.71[0.45,0.93] 0.71[0.43,0.95] 0.38[0.10,0.67]
     14 0.40[0.14,0.69] 0.45[0.19,0.71] 0.71[0.50,0.93] 0.69[0.38,0.95] 0.38[0.10,0.67]

  ### ALL
   days      llm_direct       llm_nomem          fusion   classical_C3g    classical_C1
      1 0.62[0.45,0.78] 0.52[0.37,0.67] 0.63[0.46,0.79] 0.51[0.31,0.71] 0.51[0.31,0.71]
      2 0.61[0.46,0.75] 0.52[0.40,0.64] 0.68[0.56,0.81] 0.62[0.45,0.79] 0.56[0.39,0.74]
      3 0.56[0.40,0.72] 0.56[0.40,0.71] 0.67[0.53,0.80] 0.59[0.41,0.77] 0.52[0.34,0.71]
      5 0.59[0.41,0.77] 0.63[0.49,0.76] 0.63[0.47,0.79] 0.71[0.56,0.84] 0.55[0.37,0.73]
      7 0.52[0.35,0.71] 0.66[0.52,0.80] 0.70[0.56,0.83] 0.66[0.48,0.83] 0.52[0.33,0.71]
     10 0.62[0.46,0.78] 0.62[0.47,0.76] 0.73[0.61,0.85] 0.67[0.48,0.83] 0.54[0.36,0.72]
     14 0.56[0.38,0.73] 0.60[0.45,0.74] 0.72[0.58,0.86] 0.71[0.56,0.86] 0.55[0.37,0.73]
wrote /data/oliver/robot/dynamic_home_eqa/reports/reflect/reflect_curves_qwen36.png and /data/oliver/robot/dynamic_home_eqa/reports/reflect/reflect_entropy_qwen36.png
