
#### RECEPTACLE-level accuracy vs days of experience (confirmatory, clustered 95% CI) ####

  ### RARE
   days      llm_direct       llm_nomem          fusion   classical_C3g    classical_C1
      1 0.30[0.10,0.52] 0.68[0.49,0.84] 0.30[0.09,0.53] 0.13[0.00,0.32] 0.13[0.00,0.32]
      2 0.62[0.40,0.83] 0.70[0.52,0.86] 0.39[0.17,0.65] 0.22[0.00,0.47] 0.22[0.00,0.47]
      3 0.55[0.31,0.78] 0.38[0.17,0.60] 0.49[0.25,0.77] 0.31[0.09,0.56] 0.31[0.09,0.56]
      5 0.66[0.40,0.90] 0.35[0.17,0.56] 0.40[0.17,0.64] 0.23[0.05,0.45] 0.23[0.05,0.45]
      7 0.73[0.51,0.91] 0.39[0.18,0.61] 0.43[0.18,0.68] 0.23[0.05,0.45] 0.23[0.05,0.45]
     10 0.78[0.58,0.92] 0.38[0.19,0.57] 0.56[0.29,0.82] 0.31[0.09,0.56] 0.31[0.09,0.56]
     14 0.66[0.43,0.87] 0.34[0.17,0.52] 0.58[0.32,0.83] 0.36[0.12,0.62] 0.36[0.12,0.62]

  ### MEDIUM
   days      llm_direct       llm_nomem          fusion   classical_C3g    classical_C1
      1 0.19[0.00,0.57] 0.57[0.29,0.86] 0.57[0.29,0.86] 0.57[0.29,0.86] 0.57[0.29,0.86]
      2 0.29[0.00,0.57] 0.52[0.29,0.71] 0.57[0.29,0.86] 0.57[0.29,0.86] 0.57[0.29,0.86]
      3 0.19[0.00,0.57] 0.24[0.00,0.57] 0.29[0.00,0.57] 0.29[0.00,0.57] 0.29[0.00,0.57]
      5 0.14[0.00,0.29] 0.24[0.00,0.43] 0.29[0.00,0.57] 0.29[0.00,0.57] 0.29[0.00,0.57]
      7 0.19[0.14,0.29] 0.43[0.29,0.57] 0.57[0.29,0.86] 0.57[0.29,0.86] 0.57[0.29,0.86]
     10 0.43[0.43,0.43] 0.43[0.29,0.57] 0.71[0.57,0.86] 0.71[0.57,0.86] 0.71[0.57,0.86]
     14 0.24[0.14,0.43] 0.38[0.14,0.71] 0.38[0.00,0.71] 0.38[0.00,0.71] 0.38[0.00,0.71]

  ### FREQUENT
   days      llm_direct       llm_nomem          fusion   classical_C3g    classical_C1
      1 0.00[0.00,0.00] 0.21[0.00,0.43] 0.00[0.00,0.00] 0.00[0.00,0.00] 0.00[0.00,0.00]
      2 0.00[0.00,0.00] 0.00[0.00,0.00] 0.00[0.00,0.00] 0.00[0.00,0.00] 0.00[0.00,0.00]
      3 0.43[0.00,0.86] 0.43[0.00,0.86] 0.43[0.00,0.86] 0.43[0.00,0.86] 0.43[0.00,0.86]
      5 0.21[0.00,0.64] 0.36[0.00,0.71] 0.46[0.00,0.93] 0.68[0.25,1.00] 0.68[0.25,1.00]
      7 0.71[0.25,1.00] 0.46[0.07,0.86] 0.68[0.25,1.00] 0.68[0.25,1.00] 0.68[0.25,1.00]
     10 0.57[0.21,0.93] 0.54[0.18,0.86] 0.71[0.25,1.00] 0.54[0.07,1.00] 0.54[0.07,1.00]
     14 0.54[0.14,0.93] 0.54[0.14,0.89] 0.46[0.00,0.93] 0.29[0.00,0.75] 0.29[0.00,0.75]

  ### ALL
   days      llm_direct       llm_nomem          fusion   classical_C3g    classical_C1
      1 0.21[0.07,0.37] 0.56[0.40,0.71] 0.28[0.13,0.44] 0.17[0.05,0.33] 0.17[0.05,0.33]
      2 0.43[0.25,0.61] 0.52[0.34,0.68] 0.33[0.17,0.52] 0.23[0.07,0.40] 0.23[0.07,0.40]
      3 0.46[0.28,0.65] 0.37[0.21,0.54] 0.44[0.26,0.64] 0.33[0.16,0.52] 0.33[0.16,0.52]
      5 0.48[0.28,0.69] 0.33[0.19,0.49] 0.40[0.22,0.58] 0.34[0.17,0.52] 0.34[0.17,0.52]
      7 0.63[0.46,0.80] 0.41[0.26,0.57] 0.51[0.33,0.68] 0.39[0.21,0.58] 0.39[0.21,0.58]
     10 0.67[0.52,0.83] 0.42[0.29,0.56] 0.62[0.42,0.80] 0.43[0.25,0.62] 0.43[0.25,0.62]
     14 0.56[0.38,0.74] 0.39[0.25,0.53] 0.52[0.32,0.72] 0.35[0.17,0.54] 0.35[0.17,0.54]

#### ROOM-level accuracy vs days of experience (confirmatory, clustered 95% CI) ####

  ### RARE
   days      llm_direct       llm_nomem          fusion   classical_C3g    classical_C1
      1 0.30[0.10,0.52] 0.73[0.58,0.87] 0.30[0.09,0.53] 0.13[0.00,0.32] 0.13[0.00,0.32]
      2 0.62[0.40,0.83] 0.75[0.65,0.86] 0.39[0.17,0.65] 0.22[0.00,0.47] 0.22[0.00,0.47]
      3 0.55[0.31,0.78] 0.38[0.17,0.60] 0.49[0.25,0.77] 0.31[0.09,0.56] 0.31[0.09,0.56]
      5 0.66[0.40,0.90] 0.38[0.19,0.58] 0.40[0.17,0.64] 0.23[0.05,0.45] 0.23[0.05,0.45]
      7 0.73[0.51,0.91] 0.44[0.22,0.68] 0.52[0.29,0.77] 0.32[0.10,0.57] 0.32[0.10,0.57]
     10 0.78[0.58,0.92] 0.44[0.23,0.68] 0.65[0.38,0.90] 0.40[0.17,0.66] 0.40[0.17,0.66]
     14 0.73[0.49,0.92] 0.44[0.25,0.65] 0.68[0.42,0.91] 0.45[0.21,0.71] 0.45[0.21,0.71]

  ### MEDIUM
   days      llm_direct       llm_nomem          fusion   classical_C3g    classical_C1
      1 0.19[0.00,0.57] 0.57[0.29,0.86] 0.57[0.29,0.86] 0.57[0.29,0.86] 0.57[0.29,0.86]
      2 0.43[0.29,0.57] 0.52[0.29,0.71] 0.57[0.29,0.86] 0.57[0.29,0.86] 0.57[0.29,0.86]
      3 0.43[0.00,0.86] 0.48[0.14,0.71] 0.57[0.29,0.86] 0.57[0.29,0.86] 0.57[0.29,0.86]
      5 0.29[0.29,0.29] 0.57[0.29,0.86] 0.57[0.29,0.86] 0.57[0.29,0.86] 0.57[0.29,0.86]
      7 0.19[0.14,0.29] 0.57[0.29,0.86] 0.57[0.29,0.86] 0.57[0.29,0.86] 0.57[0.29,0.86]
     10 0.43[0.43,0.43] 0.43[0.29,0.57] 0.71[0.57,0.86] 0.71[0.57,0.86] 0.71[0.57,0.86]
     14 0.24[0.14,0.43] 0.43[0.14,0.71] 0.67[0.43,0.86] 0.67[0.43,0.86] 0.67[0.43,0.86]

  ### FREQUENT
   days      llm_direct       llm_nomem          fusion   classical_C3g    classical_C1
      1 0.00[0.00,0.00] 0.21[0.00,0.43] 0.00[0.00,0.00] 0.04[0.00,0.11] 0.04[0.00,0.11]
      2 0.04[0.00,0.11] 0.00[0.00,0.00] 0.04[0.00,0.11] 0.04[0.00,0.11] 0.04[0.00,0.11]
      3 0.43[0.00,0.86] 0.43[0.00,0.86] 0.43[0.00,0.86] 0.43[0.00,0.86] 0.43[0.00,0.86]
      5 0.21[0.00,0.64] 0.36[0.00,0.71] 0.46[0.00,0.93] 0.68[0.25,1.00] 0.68[0.25,1.00]
      7 0.71[0.25,1.00] 0.46[0.07,0.86] 0.68[0.25,1.00] 0.68[0.25,1.00] 0.68[0.25,1.00]
     10 0.57[0.21,0.93] 0.54[0.18,0.86] 0.71[0.25,1.00] 0.54[0.07,1.00] 0.54[0.07,1.00]
     14 0.54[0.14,0.93] 0.54[0.14,0.89] 0.46[0.00,0.93] 0.29[0.00,0.75] 0.29[0.00,0.75]

  ### ALL
   days      llm_direct       llm_nomem          fusion   classical_C3g    classical_C1
      1 0.21[0.07,0.37] 0.59[0.44,0.73] 0.28[0.13,0.44] 0.18[0.06,0.33] 0.18[0.06,0.33]
      2 0.46[0.29,0.63] 0.55[0.39,0.71] 0.34[0.17,0.52] 0.24[0.08,0.40] 0.24[0.08,0.40]
      3 0.50[0.32,0.68] 0.40[0.24,0.58] 0.49[0.30,0.67] 0.38[0.21,0.57] 0.38[0.21,0.57]
      5 0.50[0.31,0.71] 0.40[0.26,0.56] 0.44[0.26,0.63] 0.39[0.21,0.56] 0.39[0.21,0.56]
      7 0.63[0.46,0.80] 0.47[0.29,0.64] 0.56[0.38,0.73] 0.44[0.26,0.63] 0.44[0.26,0.63]
     10 0.67[0.52,0.83] 0.46[0.32,0.61] 0.67[0.48,0.85] 0.48[0.29,0.68] 0.48[0.29,0.68]
     14 0.60[0.43,0.78] 0.46[0.31,0.61] 0.63[0.44,0.81] 0.45[0.26,0.65] 0.45[0.26,0.65]
wrote /data/oliver/robot/dynamic_home_eqa/reports/reflect/reflect_curves_typd0_glm.png and /data/oliver/robot/dynamic_home_eqa/reports/reflect/reflect_entropy_typd0_glm.png
