alpha sweep on DEV (210 queries, held-out accuracy):
  alpha=1:  fusion acc=0.210
  alpha=2:  fusion acc=0.219
  alpha=3:  fusion acc=0.224
  alpha=5:  fusion acc=0.214
  alpha=8:  fusion acc=0.214
  => FROZEN alpha* = 3

#### RECEPTACLE-level accuracy vs days of experience (confirmatory, clustered 95% CI) ####

  ### RARE
   days      llm_direct       llm_nomem          fusion   classical_C3g    classical_C1
      1 0.19[0.07,0.31] 0.07[0.02,0.12] 0.19[0.07,0.31] 0.00[0.00,0.00] 0.00[0.00,0.00]
      2 0.29[0.10,0.48] 0.14[0.00,0.29] 0.17[0.02,0.31] 0.00[0.00,0.00] 0.00[0.00,0.00]
      3 0.19[0.05,0.36] 0.10[0.00,0.24] 0.17[0.05,0.29] 0.05[0.00,0.14] 0.05[0.00,0.14]
      5 0.36[0.12,0.62] 0.36[0.12,0.62] 0.36[0.12,0.62] 0.36[0.12,0.62] 0.36[0.12,0.62]
      7 0.52[0.26,0.79] 0.45[0.19,0.74] 0.52[0.26,0.79] 0.52[0.24,0.79] 0.52[0.24,0.79]
     10 0.60[0.31,0.86] 0.48[0.21,0.76] 0.50[0.24,0.79] 0.50[0.24,0.79] 0.50[0.24,0.79]
     14 0.55[0.26,0.81] 0.52[0.26,0.79] 0.50[0.24,0.79] 0.50[0.24,0.79] 0.50[0.24,0.79]

  ### MEDIUM
   days      llm_direct       llm_nomem          fusion   classical_C3g    classical_C1
      1 0.60[0.31,0.86] 0.50[0.21,0.79] 0.64[0.43,0.86] 0.45[0.17,0.76] 0.45[0.17,0.76]
      2 0.48[0.21,0.74] 0.52[0.26,0.76] 0.50[0.21,0.76] 0.50[0.21,0.76] 0.50[0.21,0.76]
      3 0.48[0.21,0.76] 0.43[0.21,0.62] 0.33[0.10,0.57] 0.33[0.10,0.57] 0.33[0.10,0.57]
      5 0.50[0.24,0.76] 0.45[0.19,0.69] 0.38[0.10,0.71] 0.21[0.05,0.45] 0.21[0.05,0.45]
      7 0.69[0.50,0.88] 0.48[0.21,0.74] 0.38[0.14,0.67] 0.29[0.07,0.60] 0.29[0.07,0.60]
     10 0.74[0.52,0.93] 0.43[0.17,0.71] 0.31[0.10,0.60] 0.33[0.12,0.62] 0.33[0.12,0.62]
     14 0.64[0.43,0.86] 0.64[0.38,0.88] 0.60[0.29,0.88] 0.45[0.17,0.76] 0.45[0.17,0.76]

  ### FREQUENT
   days      llm_direct       llm_nomem          fusion   classical_C3g    classical_C1
      1 0.14[0.00,0.33] 0.07[0.00,0.17] 0.14[0.00,0.33] 0.10[0.00,0.19] 0.10[0.00,0.19]
      2 0.17[0.02,0.33] 0.02[0.00,0.07] 0.10[0.00,0.19] 0.05[0.00,0.14] 0.05[0.00,0.14]
      3 0.17[0.02,0.33] 0.07[0.00,0.17] 0.12[0.02,0.24] 0.07[0.00,0.17] 0.07[0.00,0.17]
      5 0.24[0.07,0.40] 0.07[0.02,0.12] 0.29[0.05,0.57] 0.29[0.02,0.62] 0.29[0.02,0.62]
      7 0.21[0.05,0.40] 0.12[0.02,0.24] 0.19[0.02,0.38] 0.17[0.02,0.33] 0.17[0.02,0.33]
     10 0.26[0.05,0.50] 0.14[0.02,0.29] 0.07[0.00,0.17] 0.12[0.02,0.24] 0.12[0.02,0.24]
     14 0.33[0.07,0.67] 0.12[0.02,0.24] 0.29[0.02,0.62] 0.12[0.00,0.31] 0.12[0.00,0.31]

  ### ALL
   days      llm_direct       llm_nomem          fusion   classical_C3g    classical_C1
      1 0.31[0.17,0.46] 0.21[0.08,0.37] 0.33[0.18,0.48] 0.18[0.06,0.33] 0.18[0.06,0.33]
      2 0.31[0.17,0.45] 0.23[0.10,0.38] 0.25[0.13,0.40] 0.18[0.06,0.33] 0.18[0.06,0.33]
      3 0.28[0.15,0.42] 0.20[0.09,0.32] 0.21[0.11,0.32] 0.15[0.06,0.26] 0.15[0.06,0.26]
      5 0.37[0.22,0.52] 0.29[0.15,0.44] 0.34[0.20,0.50] 0.29[0.14,0.43] 0.29[0.14,0.43]
      7 0.48[0.32,0.63] 0.35[0.21,0.51] 0.37[0.21,0.52] 0.33[0.18,0.48] 0.33[0.18,0.48]
     10 0.53[0.36,0.70] 0.35[0.20,0.51] 0.29[0.14,0.46] 0.32[0.18,0.47] 0.32[0.18,0.47]
     14 0.51[0.34,0.67] 0.43[0.26,0.60] 0.46[0.28,0.63] 0.36[0.19,0.52] 0.36[0.19,0.52]

#### ROOM-level accuracy vs days of experience (confirmatory, clustered 95% CI) ####

  ### RARE
   days      llm_direct       llm_nomem          fusion   classical_C3g    classical_C1
      1 0.33[0.10,0.62] 0.36[0.14,0.60] 0.67[0.40,0.90] 0.00[0.00,0.00] 0.00[0.00,0.00]
      2 0.62[0.38,0.86] 0.24[0.10,0.38] 0.50[0.19,0.81] 0.00[0.00,0.00] 0.00[0.00,0.00]
      3 0.43[0.21,0.69] 0.12[0.02,0.26] 0.50[0.29,0.74] 0.05[0.00,0.14] 0.05[0.00,0.14]
      5 0.55[0.26,0.83] 0.40[0.17,0.67] 0.52[0.26,0.79] 0.38[0.12,0.67] 0.38[0.12,0.67]
      7 0.60[0.36,0.86] 0.48[0.19,0.76] 0.60[0.36,0.86] 0.55[0.26,0.83] 0.55[0.26,0.83]
     10 0.64[0.36,0.90] 0.50[0.21,0.81] 0.55[0.29,0.81] 0.52[0.24,0.81] 0.52[0.24,0.81]
     14 0.62[0.38,0.88] 0.55[0.26,0.83] 0.57[0.33,0.81] 0.52[0.24,0.81] 0.52[0.24,0.81]

  ### MEDIUM
   days      llm_direct       llm_nomem          fusion   classical_C3g    classical_C1
      1 0.62[0.31,0.90] 0.67[0.38,0.90] 0.71[0.48,0.95] 0.50[0.17,0.83] 0.50[0.17,0.83]
      2 0.74[0.52,0.93] 0.67[0.48,0.83] 0.69[0.45,0.93] 0.55[0.24,0.83] 0.55[0.24,0.83]
      3 0.76[0.52,0.95] 0.62[0.36,0.88] 0.55[0.24,0.83] 0.55[0.24,0.83] 0.55[0.24,0.83]
      5 0.76[0.62,0.90] 0.50[0.21,0.79] 0.67[0.33,0.95] 0.50[0.17,0.83] 0.50[0.17,0.83]
      7 0.81[0.64,0.95] 0.55[0.29,0.81] 0.64[0.31,0.93] 0.40[0.07,0.76] 0.40[0.07,0.76]
     10 0.86[0.71,0.98] 0.50[0.21,0.79] 0.60[0.26,0.88] 0.45[0.14,0.76] 0.45[0.14,0.76]
     14 0.74[0.55,0.93] 0.69[0.40,0.93] 0.64[0.31,0.93] 0.50[0.17,0.83] 0.50[0.17,0.83]

  ### FREQUENT
   days      llm_direct       llm_nomem          fusion   classical_C3g    classical_C1
      1 0.14[0.00,0.33] 0.10[0.02,0.19] 0.14[0.00,0.33] 0.10[0.00,0.19] 0.10[0.00,0.19]
      2 0.17[0.02,0.33] 0.02[0.00,0.07] 0.10[0.00,0.19] 0.05[0.00,0.14] 0.05[0.00,0.14]
      3 0.17[0.02,0.33] 0.07[0.00,0.17] 0.12[0.02,0.24] 0.07[0.00,0.17] 0.07[0.00,0.17]
      5 0.24[0.07,0.40] 0.07[0.02,0.12] 0.31[0.05,0.60] 0.31[0.02,0.64] 0.31[0.02,0.64]
      7 0.21[0.05,0.40] 0.12[0.02,0.24] 0.21[0.02,0.45] 0.19[0.02,0.40] 0.19[0.02,0.40]
     10 0.26[0.05,0.50] 0.14[0.02,0.29] 0.07[0.00,0.17] 0.12[0.02,0.24] 0.12[0.02,0.24]
     14 0.36[0.10,0.69] 0.12[0.02,0.24] 0.31[0.02,0.67] 0.14[0.00,0.38] 0.14[0.00,0.38]

  ### ALL
   days      llm_direct       llm_nomem          fusion   classical_C3g    classical_C1
      1 0.37[0.20,0.54] 0.37[0.21,0.55] 0.51[0.33,0.70] 0.20[0.06,0.37] 0.20[0.06,0.37]
      2 0.51[0.33,0.67] 0.31[0.17,0.46] 0.43[0.25,0.61] 0.20[0.06,0.37] 0.20[0.06,0.37]
      3 0.45[0.29,0.62] 0.27[0.13,0.43] 0.39[0.24,0.56] 0.22[0.08,0.38] 0.22[0.08,0.38]
      5 0.52[0.35,0.67] 0.33[0.17,0.49] 0.50[0.33,0.67] 0.40[0.21,0.59] 0.40[0.21,0.59]
      7 0.54[0.37,0.70] 0.38[0.22,0.55] 0.48[0.31,0.66] 0.38[0.21,0.56] 0.38[0.21,0.56]
     10 0.59[0.41,0.75] 0.38[0.21,0.56] 0.40[0.23,0.59] 0.37[0.21,0.54] 0.37[0.21,0.54]
     14 0.57[0.40,0.73] 0.45[0.27,0.63] 0.51[0.32,0.69] 0.39[0.21,0.57] 0.39[0.21,0.57]
wrote /data/oliver/robot/dynamic_home_eqa/reports/reflect/reflect_curves_glm_o3.png and /data/oliver/robot/dynamic_home_eqa/reports/reflect/reflect_entropy_glm_o3.png
