alpha sweep on DEV (210 queries, held-out accuracy):
  alpha=1:  fusion acc=0.295
  alpha=2:  fusion acc=0.300
  alpha=3:  fusion acc=0.276
  alpha=5:  fusion acc=0.281
  alpha=8:  fusion acc=0.257
  => FROZEN alpha* = 2

#### RECEPTACLE-level accuracy vs days of experience (confirmatory, clustered 95% CI) ####

  ### RARE
   days      llm_direct       llm_nomem          fusion   classical_C3g    classical_C1
      1 0.29[0.10,0.48] 0.07[0.00,0.21] 0.29[0.10,0.48] 0.00[0.00,0.00] 0.00[0.00,0.00]
      2 0.29[0.10,0.48] 0.12[0.02,0.26] 0.17[0.00,0.36] 0.00[0.00,0.00] 0.00[0.00,0.00]
      3 0.29[0.10,0.48] 0.10[0.02,0.19] 0.26[0.07,0.43] 0.02[0.00,0.07] 0.02[0.00,0.07]
      5 0.24[0.07,0.43] 0.26[0.05,0.50] 0.33[0.10,0.60] 0.33[0.10,0.60] 0.33[0.10,0.60]
      7 0.31[0.12,0.48] 0.26[0.12,0.40] 0.33[0.10,0.60] 0.33[0.10,0.60] 0.33[0.10,0.60]
     10 0.36[0.17,0.55] 0.38[0.19,0.60] 0.31[0.07,0.57] 0.31[0.07,0.57] 0.31[0.07,0.57]
     14 0.38[0.17,0.62] 0.29[0.07,0.50] 0.31[0.07,0.57] 0.31[0.07,0.57] 0.31[0.07,0.57]

  ### MEDIUM
   days      llm_direct       llm_nomem          fusion   classical_C3g    classical_C1
      1 0.48[0.19,0.76] 0.45[0.17,0.76] 0.50[0.21,0.76] 0.45[0.17,0.76] 0.45[0.17,0.76]
      2 0.45[0.14,0.74] 0.50[0.24,0.74] 0.50[0.21,0.76] 0.50[0.21,0.76] 0.50[0.21,0.76]
      3 0.71[0.50,0.90] 0.62[0.45,0.81] 0.74[0.55,0.90] 0.74[0.55,0.90] 0.74[0.55,0.90]
      5 0.48[0.31,0.71] 0.71[0.57,0.86] 0.55[0.29,0.79] 0.55[0.29,0.79] 0.55[0.29,0.79]
      7 0.60[0.36,0.86] 0.71[0.57,0.86] 0.69[0.50,0.88] 0.62[0.36,0.88] 0.62[0.36,0.88]
     10 0.60[0.36,0.86] 0.76[0.62,0.90] 0.64[0.40,0.88] 0.62[0.36,0.88] 0.62[0.36,0.88]
     14 0.71[0.50,0.90] 0.69[0.45,0.90] 0.67[0.45,0.88] 0.62[0.31,0.90] 0.62[0.31,0.90]

  ### FREQUENT
   days      llm_direct       llm_nomem          fusion   classical_C3g    classical_C1
      1 0.14[0.02,0.29] 0.05[0.00,0.14] 0.14[0.02,0.29] 0.05[0.00,0.14] 0.05[0.00,0.14]
      2 0.29[0.05,0.60] 0.24[0.02,0.55] 0.26[0.05,0.60] 0.26[0.05,0.60] 0.26[0.05,0.60]
      3 0.50[0.21,0.81] 0.26[0.07,0.52] 0.33[0.10,0.62] 0.31[0.10,0.60] 0.31[0.10,0.60]
      5 0.67[0.40,0.90] 0.21[0.02,0.48] 0.29[0.05,0.60] 0.31[0.07,0.60] 0.31[0.07,0.60]
      7 0.12[0.00,0.26] 0.14[0.05,0.24] 0.19[0.05,0.36] 0.12[0.02,0.24] 0.12[0.02,0.24]
     10 0.24[0.05,0.48] 0.21[0.10,0.33] 0.24[0.07,0.45] 0.29[0.07,0.60] 0.29[0.07,0.60]
     14 0.43[0.17,0.71] 0.21[0.10,0.33] 0.40[0.14,0.71] 0.29[0.07,0.60] 0.29[0.07,0.60]

  ### ALL
   days      llm_direct       llm_nomem          fusion   classical_C3g    classical_C1
      1 0.30[0.17,0.44] 0.19[0.06,0.34] 0.31[0.17,0.45] 0.17[0.04,0.32] 0.17[0.04,0.32]
      2 0.34[0.18,0.50] 0.29[0.14,0.44] 0.31[0.16,0.47] 0.25[0.10,0.43] 0.25[0.10,0.43]
      3 0.50[0.35,0.66] 0.33[0.19,0.48] 0.44[0.29,0.60] 0.36[0.19,0.53] 0.36[0.19,0.53]
      5 0.46[0.31,0.62] 0.40[0.24,0.56] 0.39[0.23,0.56] 0.40[0.24,0.56] 0.40[0.24,0.56]
      7 0.34[0.20,0.49] 0.37[0.24,0.51] 0.40[0.25,0.56] 0.36[0.21,0.51] 0.36[0.21,0.51]
     10 0.40[0.25,0.55] 0.45[0.31,0.60] 0.40[0.25,0.55] 0.40[0.25,0.56] 0.40[0.25,0.56]
     14 0.51[0.36,0.66] 0.40[0.25,0.55] 0.46[0.31,0.62] 0.40[0.24,0.58] 0.40[0.24,0.58]

#### ROOM-level accuracy vs days of experience (confirmatory, clustered 95% CI) ####

  ### RARE
   days      llm_direct       llm_nomem          fusion   classical_C3g    classical_C1
      1 0.40[0.14,0.67] 0.26[0.07,0.50] 0.67[0.52,0.83] 0.00[0.00,0.00] 0.00[0.00,0.00]
      2 0.60[0.33,0.86] 0.21[0.10,0.33] 0.50[0.17,0.83] 0.00[0.00,0.00] 0.00[0.00,0.00]
      3 0.55[0.29,0.79] 0.19[0.02,0.43] 0.67[0.38,0.90] 0.02[0.00,0.07] 0.02[0.00,0.07]
      5 0.62[0.40,0.83] 0.45[0.14,0.76] 0.69[0.40,0.93] 0.52[0.21,0.83] 0.52[0.21,0.83]
      7 0.64[0.43,0.86] 0.57[0.36,0.81] 0.69[0.40,0.93] 0.69[0.40,0.93] 0.69[0.40,0.93]
     10 0.60[0.36,0.83] 0.69[0.40,0.93] 0.67[0.38,0.90] 0.67[0.38,0.90] 0.67[0.38,0.90]
     14 0.69[0.40,0.93] 0.64[0.38,0.90] 0.67[0.38,0.90] 0.67[0.38,0.90] 0.67[0.38,0.90]

  ### MEDIUM
   days      llm_direct       llm_nomem          fusion   classical_C3g    classical_C1
      1 0.76[0.55,0.93] 0.52[0.21,0.83] 0.71[0.48,0.95] 0.50[0.17,0.83] 0.50[0.17,0.83]
      2 0.48[0.19,0.76] 0.57[0.33,0.81] 0.67[0.43,0.90] 0.55[0.24,0.83] 0.55[0.24,0.83]
      3 0.76[0.52,0.95] 0.67[0.45,0.88] 0.79[0.55,0.95] 0.79[0.55,0.95] 0.79[0.55,0.95]
      5 0.71[0.48,0.93] 0.81[0.62,0.95] 0.83[0.69,0.95] 0.83[0.69,0.95] 0.83[0.69,0.95]
      7 0.71[0.48,0.93] 0.76[0.60,0.93] 0.81[0.64,0.95] 0.74[0.45,0.95] 0.74[0.45,0.95]
     10 0.71[0.48,0.93] 0.81[0.64,0.95] 0.76[0.52,0.95] 0.74[0.45,0.95] 0.74[0.45,0.95]
     14 0.76[0.52,0.95] 0.74[0.45,0.95] 0.79[0.60,0.95] 0.74[0.40,0.95] 0.74[0.40,0.95]

  ### FREQUENT
   days      llm_direct       llm_nomem          fusion   classical_C3g    classical_C1
      1 0.14[0.02,0.29] 0.05[0.00,0.14] 0.14[0.02,0.29] 0.05[0.00,0.14] 0.05[0.00,0.14]
      2 0.29[0.05,0.60] 0.24[0.02,0.55] 0.26[0.05,0.60] 0.26[0.05,0.60] 0.26[0.05,0.60]
      3 0.50[0.21,0.81] 0.26[0.07,0.52] 0.33[0.10,0.62] 0.31[0.10,0.60] 0.31[0.10,0.60]
      5 0.67[0.40,0.90] 0.21[0.02,0.48] 0.38[0.12,0.67] 0.40[0.12,0.69] 0.40[0.12,0.69]
      7 0.12[0.00,0.26] 0.14[0.05,0.24] 0.19[0.05,0.36] 0.21[0.05,0.43] 0.21[0.05,0.43]
     10 0.24[0.05,0.48] 0.21[0.10,0.33] 0.24[0.07,0.45] 0.29[0.07,0.60] 0.29[0.07,0.60]
     14 0.43[0.17,0.71] 0.21[0.10,0.33] 0.40[0.14,0.71] 0.29[0.07,0.60] 0.29[0.07,0.60]

  ### ALL
   days      llm_direct       llm_nomem          fusion   classical_C3g    classical_C1
      1 0.44[0.26,0.60] 0.28[0.13,0.44] 0.51[0.34,0.67] 0.18[0.04,0.35] 0.18[0.04,0.35]
      2 0.45[0.28,0.63] 0.34[0.20,0.50] 0.48[0.29,0.67] 0.27[0.10,0.45] 0.27[0.10,0.45]
      3 0.60[0.44,0.75] 0.37[0.22,0.54] 0.60[0.43,0.77] 0.37[0.20,0.56] 0.37[0.20,0.56]
      5 0.67[0.52,0.82] 0.49[0.31,0.68] 0.63[0.47,0.80] 0.59[0.40,0.75] 0.59[0.40,0.75]
      7 0.49[0.32,0.67] 0.49[0.33,0.64] 0.56[0.39,0.73] 0.55[0.37,0.71] 0.55[0.37,0.71]
     10 0.52[0.36,0.68] 0.57[0.41,0.74] 0.56[0.39,0.73] 0.56[0.38,0.74] 0.56[0.38,0.74]
     14 0.63[0.46,0.79] 0.53[0.37,0.70] 0.62[0.45,0.79] 0.56[0.38,0.75] 0.56[0.38,0.75]
wrote /data/oliver/robot/dynamic_home_eqa/reports/reflect/reflect_curves_glm_orand3.png and /data/oliver/robot/dynamic_home_eqa/reports/reflect/reflect_entropy_glm_orand3.png
