
#### RECEPTACLE-level accuracy vs days of experience (confirmatory, clustered 95% CI) ####

  ### RARE
   days      llm_direct       llm_nomem          fusion   classical_C3g    classical_C1
      1 0.24[0.10,0.43] 0.31[0.08,0.55] 0.29[0.16,0.45] 0.00[0.00,0.00] 0.00[0.00,0.00]
      2 0.45[0.20,0.69] 0.16[0.02,0.33] 0.39[0.18,0.59] 0.10[0.00,0.31] 0.10[0.00,0.31]
      3 0.47[0.24,0.71] 0.16[0.02,0.35] 0.31[0.14,0.49] 0.10[0.00,0.31] 0.10[0.00,0.31]
      5 0.43[0.20,0.67] 0.24[0.06,0.45] 0.41[0.20,0.65] 0.22[0.04,0.45] 0.22[0.04,0.45]
      7 0.31[0.12,0.51] 0.22[0.08,0.43] 0.33[0.14,0.55] 0.22[0.04,0.45] 0.22[0.04,0.45]
     10 0.31[0.12,0.51] 0.20[0.08,0.31] 0.27[0.12,0.43] 0.22[0.08,0.41] 0.22[0.08,0.41]
     14 0.41[0.18,0.63] 0.37[0.22,0.53] 0.31[0.12,0.55] 0.20[0.04,0.39] 0.20[0.04,0.39]

  ### MEDIUM
   days      llm_direct       llm_nomem          fusion   classical_C3g    classical_C1
      1 0.41[0.16,0.67] 0.04[0.00,0.08] 0.33[0.14,0.57] 0.00[0.00,0.00] 0.00[0.00,0.00]
      2 0.31[0.06,0.59] 0.06[0.00,0.14] 0.24[0.04,0.53] 0.04[0.00,0.12] 0.04[0.00,0.12]
      3 0.27[0.06,0.49] 0.08[0.00,0.16] 0.20[0.04,0.45] 0.04[0.00,0.12] 0.04[0.00,0.12]
      5 0.47[0.18,0.76] 0.29[0.04,0.57] 0.37[0.08,0.71] 0.18[0.00,0.47] 0.18[0.00,0.47]
      7 0.51[0.20,0.80] 0.41[0.10,0.73] 0.43[0.12,0.76] 0.43[0.14,0.76] 0.43[0.14,0.76]
     10 0.63[0.29,0.92] 0.51[0.20,0.82] 0.43[0.12,0.76] 0.43[0.14,0.76] 0.43[0.14,0.76]
     14 0.76[0.47,0.96] 0.63[0.31,0.90] 0.43[0.14,0.71] 0.43[0.14,0.86] 0.43[0.14,0.86]

  ### FREQUENT
   days      llm_direct       llm_nomem          fusion   classical_C3g    classical_C1
      1 0.19[0.06,0.34] 0.21[0.06,0.38] 0.27[0.12,0.45] 0.19[0.05,0.38] 0.19[0.05,0.38]
      2 0.23[0.08,0.40] 0.21[0.08,0.36] 0.23[0.07,0.40] 0.19[0.05,0.38] 0.19[0.05,0.38]
      3 0.29[0.13,0.46] 0.20[0.07,0.36] 0.25[0.09,0.42] 0.19[0.05,0.36] 0.19[0.05,0.36]
      5 0.63[0.46,0.79] 0.42[0.26,0.60] 0.49[0.30,0.69] 0.41[0.23,0.64] 0.41[0.23,0.64]
      7 0.56[0.41,0.72] 0.44[0.29,0.59] 0.44[0.25,0.64] 0.44[0.23,0.64] 0.44[0.23,0.64]
     10 0.30[0.16,0.46] 0.28[0.12,0.44] 0.28[0.14,0.44] 0.32[0.14,0.52] 0.32[0.14,0.52]
     14 0.29[0.15,0.44] 0.36[0.19,0.54] 0.34[0.17,0.51] 0.41[0.22,0.60] 0.41[0.22,0.60]

  ### ALL
   days      llm_direct       llm_nomem          fusion   classical_C3g    classical_C1
      1 0.25[0.14,0.36] 0.19[0.09,0.31] 0.29[0.17,0.40] 0.12[0.03,0.23] 0.12[0.03,0.23]
      2 0.29[0.17,0.42] 0.17[0.08,0.27] 0.26[0.15,0.38] 0.15[0.05,0.26] 0.15[0.05,0.26]
      3 0.32[0.20,0.44] 0.17[0.08,0.27] 0.25[0.14,0.37] 0.15[0.05,0.26] 0.15[0.05,0.26]
      5 0.56[0.43,0.69] 0.36[0.23,0.49] 0.45[0.31,0.59] 0.33[0.19,0.48] 0.33[0.19,0.48]
      7 0.50[0.38,0.63] 0.39[0.27,0.51] 0.41[0.28,0.56] 0.40[0.25,0.55] 0.40[0.25,0.55]
     10 0.37[0.25,0.49] 0.31[0.19,0.44] 0.31[0.19,0.43] 0.32[0.19,0.46] 0.32[0.19,0.46]
     14 0.40[0.27,0.53] 0.41[0.29,0.54] 0.35[0.22,0.49] 0.37[0.23,0.52] 0.37[0.23,0.52]

#### ROOM-level accuracy vs days of experience (confirmatory, clustered 95% CI) ####

  ### RARE
   days      llm_direct       llm_nomem          fusion   classical_C3g    classical_C1
      1 0.31[0.16,0.47] 0.39[0.16,0.61] 0.35[0.24,0.49] 0.00[0.00,0.00] 0.00[0.00,0.00]
      2 0.51[0.31,0.73] 0.33[0.14,0.53] 0.45[0.29,0.63] 0.10[0.00,0.31] 0.10[0.00,0.31]
      3 0.53[0.33,0.76] 0.31[0.10,0.53] 0.31[0.14,0.49] 0.10[0.00,0.31] 0.10[0.00,0.31]
      5 0.47[0.26,0.69] 0.41[0.22,0.59] 0.45[0.24,0.67] 0.22[0.04,0.45] 0.22[0.04,0.45]
      7 0.41[0.20,0.61] 0.29[0.12,0.47] 0.37[0.20,0.57] 0.22[0.04,0.45] 0.22[0.04,0.45]
     10 0.39[0.20,0.57] 0.24[0.14,0.35] 0.33[0.20,0.49] 0.22[0.08,0.41] 0.22[0.08,0.41]
     14 0.53[0.35,0.71] 0.39[0.27,0.53] 0.39[0.20,0.61] 0.20[0.04,0.39] 0.20[0.04,0.39]

  ### MEDIUM
   days      llm_direct       llm_nomem          fusion   classical_C3g    classical_C1
      1 0.51[0.22,0.80] 0.04[0.00,0.08] 0.33[0.14,0.57] 0.00[0.00,0.00] 0.00[0.00,0.00]
      2 0.43[0.12,0.76] 0.06[0.00,0.14] 0.35[0.08,0.67] 0.04[0.00,0.12] 0.04[0.00,0.12]
      3 0.45[0.14,0.76] 0.14[0.02,0.31] 0.37[0.08,0.71] 0.04[0.00,0.12] 0.04[0.00,0.12]
      5 0.47[0.18,0.76] 0.29[0.04,0.57] 0.37[0.08,0.71] 0.18[0.00,0.47] 0.18[0.00,0.47]
      7 0.51[0.20,0.80] 0.41[0.10,0.73] 0.57[0.24,0.86] 0.57[0.26,0.86] 0.57[0.26,0.86]
     10 0.63[0.29,0.92] 0.51[0.20,0.82] 0.57[0.24,0.86] 0.57[0.26,0.86] 0.57[0.26,0.86]
     14 0.76[0.47,0.96] 0.63[0.31,0.90] 0.57[0.14,0.86] 0.57[0.29,0.86] 0.57[0.29,0.86]

  ### FREQUENT
   days      llm_direct       llm_nomem          fusion   classical_C3g    classical_C1
      1 0.34[0.17,0.51] 0.21[0.07,0.38] 0.29[0.13,0.45] 0.19[0.05,0.38] 0.19[0.05,0.38]
      2 0.36[0.18,0.54] 0.24[0.10,0.39] 0.33[0.16,0.51] 0.19[0.05,0.38] 0.19[0.05,0.38]
      3 0.39[0.21,0.57] 0.20[0.07,0.36] 0.34[0.16,0.53] 0.19[0.05,0.36] 0.19[0.05,0.36]
      5 0.63[0.46,0.79] 0.43[0.26,0.60] 0.53[0.34,0.73] 0.45[0.27,0.68] 0.45[0.27,0.68]
      7 0.60[0.44,0.76] 0.48[0.32,0.64] 0.53[0.33,0.73] 0.53[0.32,0.73] 0.53[0.32,0.73]
     10 0.48[0.31,0.66] 0.32[0.16,0.49] 0.37[0.20,0.54] 0.36[0.18,0.56] 0.36[0.18,0.56]
     14 0.47[0.31,0.64] 0.42[0.24,0.60] 0.47[0.30,0.66] 0.50[0.31,0.69] 0.50[0.31,0.69]

  ### ALL
   days      llm_direct       llm_nomem          fusion   classical_C3g    classical_C1
      1 0.37[0.24,0.50] 0.21[0.11,0.33] 0.31[0.20,0.42] 0.12[0.03,0.23] 0.12[0.03,0.23]
      2 0.40[0.27,0.54] 0.22[0.13,0.33] 0.36[0.23,0.49] 0.15[0.05,0.26] 0.15[0.05,0.26]
      3 0.43[0.30,0.56] 0.21[0.12,0.31] 0.34[0.21,0.46] 0.15[0.05,0.26] 0.15[0.05,0.26]
      5 0.57[0.44,0.69] 0.40[0.27,0.52] 0.48[0.35,0.62] 0.36[0.21,0.51] 0.36[0.21,0.51]
      7 0.54[0.42,0.67] 0.43[0.30,0.55] 0.51[0.37,0.65] 0.48[0.33,0.63] 0.48[0.33,0.63]
     10 0.49[0.37,0.62] 0.34[0.21,0.47] 0.40[0.27,0.52] 0.38[0.24,0.52] 0.38[0.24,0.52]
     14 0.54[0.40,0.66] 0.45[0.32,0.58] 0.48[0.34,0.62] 0.46[0.31,0.61] 0.46[0.31,0.61]
wrote /data/oliver/robot/dynamic_home_eqa/reports/reflect/reflect_curves_d0_glm.png and /data/oliver/robot/dynamic_home_eqa/reports/reflect/reflect_entropy_d0_glm.png
