alpha sweep on DEV (210 queries, held-out accuracy):
  alpha=1:  fusion acc=0.362
  alpha=2:  fusion acc=0.367
  alpha=3:  fusion acc=0.381
  alpha=5:  fusion acc=0.376
  alpha=8:  fusion acc=0.367
  => FROZEN alpha* = 3

#### RECEPTACLE-level accuracy vs days of experience (confirmatory, clustered 95% CI) ####

  ### RARE
   days      llm_direct       llm_nomem          fusion   classical_C3g    classical_C1
      1 0.38[0.14,0.62] 0.21[0.07,0.36] 0.45[0.26,0.67] 0.00[0.00,0.00] 0.00[0.00,0.00]
      2 0.67[0.48,0.86] 0.55[0.31,0.81] 0.40[0.17,0.69] 0.24[0.00,0.57] 0.24[0.00,0.57]
      3 0.79[0.64,0.93] 0.52[0.26,0.79] 0.67[0.43,0.90] 0.26[0.02,0.57] 0.26[0.02,0.57]
      5 0.67[0.38,0.88] 0.60[0.40,0.81] 0.67[0.40,0.90] 0.50[0.21,0.79] 0.50[0.21,0.79]
      7 0.45[0.14,0.71] 0.48[0.24,0.69] 0.33[0.10,0.60] 0.33[0.10,0.60] 0.33[0.10,0.60]
     10 0.55[0.19,0.86] 0.60[0.33,0.83] 0.31[0.07,0.57] 0.31[0.07,0.57] 0.31[0.07,0.57]
     14 0.50[0.24,0.74] 0.40[0.21,0.62] 0.43[0.19,0.67] 0.31[0.07,0.57] 0.31[0.07,0.57]

  ### MEDIUM
   days      llm_direct       llm_nomem          fusion   classical_C3g    classical_C1
      1 0.57[0.29,0.81] 0.57[0.29,0.81] 0.48[0.19,0.76] 0.45[0.17,0.76] 0.45[0.17,0.76]
      2 0.50[0.24,0.76] 0.43[0.17,0.71] 0.43[0.19,0.71] 0.43[0.19,0.71] 0.43[0.19,0.71]
      3 0.69[0.48,0.88] 0.67[0.43,0.90] 0.62[0.43,0.81] 0.50[0.21,0.79] 0.50[0.21,0.79]
      5 0.69[0.38,0.93] 0.71[0.50,0.90] 0.38[0.12,0.62] 0.38[0.14,0.62] 0.38[0.14,0.62]
      7 0.43[0.21,0.62] 0.62[0.38,0.83] 0.36[0.12,0.60] 0.19[0.02,0.40] 0.19[0.02,0.40]
     10 0.52[0.26,0.79] 0.57[0.29,0.86] 0.57[0.38,0.79] 0.36[0.07,0.67] 0.36[0.07,0.67]
     14 0.62[0.48,0.71] 0.57[0.24,0.88] 0.52[0.24,0.79] 0.55[0.24,0.86] 0.43[0.14,0.76]

  ### FREQUENT
   days      llm_direct       llm_nomem          fusion   classical_C3g    classical_C1
      1 0.21[0.05,0.40] 0.19[0.05,0.38] 0.21[0.05,0.40] 0.10[0.00,0.19] 0.10[0.00,0.19]
      2 0.19[0.05,0.38] 0.14[0.05,0.24] 0.19[0.05,0.38] 0.10[0.00,0.19] 0.10[0.00,0.19]
      3 0.36[0.12,0.57] 0.40[0.12,0.71] 0.40[0.14,0.69] 0.36[0.10,0.69] 0.36[0.10,0.69]
      5 0.26[0.10,0.43] 0.40[0.14,0.64] 0.29[0.07,0.50] 0.29[0.02,0.62] 0.29[0.02,0.62]
      7 0.55[0.40,0.71] 0.40[0.19,0.62] 0.62[0.31,0.90] 0.57[0.21,0.88] 0.62[0.33,0.88]
     10 0.36[0.24,0.50] 0.29[0.19,0.40] 0.17[0.05,0.29] 0.26[0.05,0.60] 0.26[0.05,0.60]
     14 0.45[0.24,0.64] 0.45[0.26,0.69] 0.48[0.14,0.81] 0.43[0.10,0.76] 0.43[0.10,0.76]

  ### ALL
   days      llm_direct       llm_nomem          fusion   classical_C3g    classical_C1
      1 0.39[0.24,0.54] 0.33[0.19,0.47] 0.38[0.24,0.52] 0.18[0.06,0.33] 0.18[0.06,0.33]
      2 0.45[0.30,0.60] 0.37[0.22,0.53] 0.34[0.20,0.49] 0.25[0.11,0.42] 0.25[0.11,0.42]
      3 0.61[0.46,0.75] 0.53[0.37,0.70] 0.56[0.41,0.71] 0.37[0.21,0.56] 0.37[0.21,0.56]
      5 0.54[0.37,0.70] 0.57[0.43,0.71] 0.44[0.29,0.60] 0.39[0.23,0.56] 0.39[0.23,0.56]
      7 0.48[0.35,0.60] 0.50[0.37,0.63] 0.44[0.27,0.60] 0.37[0.20,0.54] 0.38[0.21,0.55]
     10 0.48[0.33,0.63] 0.48[0.34,0.63] 0.35[0.21,0.48] 0.31[0.15,0.47] 0.31[0.15,0.47]
     14 0.52[0.39,0.63] 0.48[0.33,0.62] 0.48[0.31,0.64] 0.43[0.25,0.61] 0.39[0.21,0.56]

#### ROOM-level accuracy vs days of experience (confirmatory, clustered 95% CI) ####

  ### RARE
   days      llm_direct       llm_nomem          fusion   classical_C3g    classical_C1
      1 0.74[0.52,0.93] 0.64[0.43,0.88] 0.76[0.57,0.93] 0.00[0.00,0.00] 0.00[0.00,0.00]
      2 0.74[0.52,0.93] 0.76[0.62,0.90] 0.71[0.48,0.93] 0.24[0.00,0.57] 0.24[0.00,0.57]
      3 0.88[0.74,1.00] 0.69[0.40,0.93] 0.71[0.43,0.95] 0.26[0.02,0.57] 0.26[0.02,0.57]
      5 0.86[0.71,0.98] 0.64[0.43,0.86] 0.69[0.40,0.93] 0.52[0.21,0.83] 0.52[0.21,0.83]
      7 0.81[0.62,0.95] 0.71[0.50,0.90] 0.69[0.40,0.93] 0.52[0.21,0.83] 0.52[0.21,0.83]
     10 0.93[0.83,1.00] 0.64[0.36,0.90] 0.67[0.38,0.90] 0.50[0.19,0.81] 0.50[0.19,0.81]
     14 0.83[0.69,0.95] 0.55[0.26,0.86] 0.71[0.43,0.95] 0.50[0.19,0.81] 0.50[0.19,0.81]

  ### MEDIUM
   days      llm_direct       llm_nomem          fusion   classical_C3g    classical_C1
      1 0.76[0.55,0.93] 0.69[0.48,0.90] 0.55[0.26,0.86] 0.50[0.17,0.83] 0.50[0.17,0.83]
      2 0.60[0.31,0.88] 0.55[0.24,0.86] 0.55[0.24,0.83] 0.55[0.24,0.83] 0.55[0.24,0.83]
      3 0.76[0.52,0.95] 0.79[0.55,0.95] 0.74[0.55,0.90] 0.62[0.33,0.90] 0.62[0.33,0.90]
      5 0.74[0.40,0.98] 0.83[0.69,0.95] 0.60[0.31,0.88] 0.67[0.38,0.90] 0.67[0.38,0.90]
      7 0.64[0.36,0.90] 0.79[0.60,0.95] 0.64[0.36,0.90] 0.48[0.14,0.83] 0.48[0.14,0.83]
     10 0.67[0.43,0.90] 0.69[0.40,0.95] 0.69[0.48,0.88] 0.48[0.14,0.83] 0.48[0.14,0.83]
     14 0.71[0.50,0.90] 0.71[0.40,0.95] 0.57[0.24,0.88] 0.60[0.26,0.93] 0.48[0.14,0.83]

  ### FREQUENT
   days      llm_direct       llm_nomem          fusion   classical_C3g    classical_C1
      1 0.24[0.07,0.43] 0.19[0.05,0.38] 0.21[0.05,0.40] 0.10[0.00,0.19] 0.10[0.00,0.19]
      2 0.19[0.05,0.38] 0.14[0.05,0.24] 0.19[0.05,0.38] 0.10[0.00,0.19] 0.10[0.00,0.19]
      3 0.36[0.12,0.57] 0.43[0.12,0.76] 0.40[0.14,0.69] 0.38[0.10,0.71] 0.38[0.10,0.71]
      5 0.26[0.10,0.43] 0.43[0.19,0.67] 0.36[0.12,0.57] 0.38[0.10,0.71] 0.38[0.10,0.71]
      7 0.55[0.40,0.71] 0.43[0.21,0.67] 0.62[0.31,0.90] 0.67[0.33,0.95] 0.71[0.43,0.95]
     10 0.36[0.24,0.50] 0.31[0.19,0.43] 0.17[0.05,0.29] 0.26[0.05,0.60] 0.26[0.05,0.60]
     14 0.45[0.24,0.64] 0.50[0.33,0.71] 0.48[0.14,0.81] 0.43[0.10,0.76] 0.43[0.10,0.76]

  ### ALL
   days      llm_direct       llm_nomem          fusion   classical_C3g    classical_C1
      1 0.58[0.41,0.74] 0.51[0.35,0.67] 0.51[0.34,0.68] 0.20[0.06,0.37] 0.20[0.06,0.37]
      2 0.51[0.33,0.68] 0.48[0.31,0.66] 0.48[0.31,0.67] 0.29[0.13,0.47] 0.29[0.13,0.47]
      3 0.67[0.51,0.81] 0.63[0.46,0.79] 0.62[0.46,0.77] 0.42[0.24,0.61] 0.42[0.24,0.61]
      5 0.62[0.44,0.79] 0.63[0.48,0.77] 0.55[0.38,0.71] 0.52[0.33,0.70] 0.52[0.33,0.70]
      7 0.67[0.53,0.79] 0.64[0.50,0.78] 0.65[0.48,0.81] 0.56[0.36,0.74] 0.57[0.38,0.75]
     10 0.65[0.50,0.79] 0.55[0.39,0.71] 0.51[0.34,0.67] 0.41[0.23,0.60] 0.41[0.23,0.60]
     14 0.67[0.53,0.79] 0.59[0.43,0.75] 0.59[0.40,0.76] 0.51[0.31,0.71] 0.47[0.28,0.67]
wrote /data/oliver/robot/dynamic_home_eqa/reports/reflect/reflect_curves_deepseek_orand5.png and /data/oliver/robot/dynamic_home_eqa/reports/reflect/reflect_entropy_deepseek_orand5.png
