alpha sweep on DEV (210 queries, held-out accuracy):
  alpha=1:  fusion acc=0.319
  alpha=2:  fusion acc=0.348
  alpha=3:  fusion acc=0.371
  alpha=5:  fusion acc=0.381
  alpha=8:  fusion acc=0.395
  => FROZEN alpha* = 8

#### RECEPTACLE-level accuracy vs days of experience (confirmatory, clustered 95% CI) ####

  ### RARE
   days      llm_direct       llm_nomem          fusion   classical_C3g    classical_C1
      1 0.36[0.12,0.60] 0.36[0.12,0.60] 0.29[0.10,0.48] 0.10[0.00,0.29] 0.10[0.00,0.29]
      2 0.38[0.19,0.57] 0.26[0.07,0.45] 0.33[0.14,0.52] 0.24[0.07,0.43] 0.24[0.07,0.43]
      3 0.36[0.12,0.60] 0.26[0.07,0.45] 0.19[0.05,0.33] 0.19[0.05,0.33] 0.19[0.05,0.33]
      5 0.60[0.33,0.81] 0.36[0.12,0.64] 0.48[0.21,0.74] 0.45[0.19,0.71] 0.45[0.19,0.71]
      7 0.62[0.45,0.79] 0.43[0.24,0.67] 0.71[0.55,0.88] 0.57[0.29,0.81] 0.57[0.29,0.81]
     10 0.43[0.14,0.69] 0.48[0.31,0.69] 0.55[0.29,0.79] 0.62[0.45,0.81] 0.52[0.29,0.79]
     14 0.48[0.14,0.76] 0.45[0.17,0.74] 0.43[0.14,0.71] 0.48[0.29,0.71] 0.38[0.14,0.67]

  ### MEDIUM
   days      llm_direct       llm_nomem          fusion   classical_C3g    classical_C1
      1 0.45[0.19,0.74] 0.43[0.19,0.64] 0.48[0.19,0.76] 0.55[0.26,0.81] 0.55[0.26,0.81]
      2 0.67[0.43,0.90] 0.60[0.40,0.81] 0.67[0.43,0.90] 0.57[0.29,0.81] 0.57[0.29,0.81]
      3 0.69[0.48,0.88] 0.55[0.36,0.76] 0.67[0.45,0.88] 0.57[0.29,0.81] 0.57[0.29,0.81]
      5 0.55[0.33,0.79] 0.60[0.38,0.79] 0.50[0.29,0.76] 0.71[0.50,0.90] 0.71[0.50,0.90]
      7 0.67[0.45,0.88] 0.60[0.43,0.79] 0.52[0.29,0.76] 0.67[0.38,0.90] 0.67[0.38,0.90]
     10 0.60[0.38,0.79] 0.64[0.48,0.83] 0.60[0.38,0.79] 0.69[0.43,0.90] 0.69[0.43,0.90]
     14 0.76[0.62,0.90] 0.57[0.43,0.71] 0.76[0.62,0.90] 0.74[0.57,0.90] 0.69[0.43,0.90]

  ### FREQUENT
   days      llm_direct       llm_nomem          fusion   classical_C3g    classical_C1
      1 0.55[0.29,0.79] 0.26[0.10,0.43] 0.43[0.17,0.69] 0.19[0.05,0.38] 0.19[0.05,0.38]
      2 0.52[0.24,0.81] 0.52[0.24,0.79] 0.48[0.19,0.76] 0.48[0.14,0.81] 0.48[0.14,0.81]
      3 0.52[0.29,0.71] 0.38[0.17,0.60] 0.52[0.29,0.76] 0.52[0.19,0.86] 0.52[0.19,0.86]
      5 0.43[0.24,0.60] 0.45[0.24,0.71] 0.38[0.21,0.55] 0.36[0.10,0.69] 0.36[0.10,0.69]
      7 0.48[0.17,0.79] 0.24[0.07,0.38] 0.50[0.26,0.76] 0.55[0.33,0.79] 0.31[0.05,0.62]
     10 0.48[0.19,0.76] 0.29[0.14,0.43] 0.50[0.17,0.83] 0.33[0.07,0.67] 0.31[0.05,0.64]
     14 0.31[0.07,0.60] 0.31[0.07,0.64] 0.24[0.05,0.52] 0.48[0.14,0.81] 0.26[0.05,0.50]

  ### ALL
   days      llm_direct       llm_nomem          fusion   classical_C3g    classical_C1
      1 0.45[0.30,0.60] 0.35[0.21,0.48] 0.40[0.25,0.55] 0.28[0.13,0.44] 0.28[0.13,0.44]
      2 0.52[0.37,0.67] 0.46[0.32,0.60] 0.49[0.33,0.65] 0.43[0.26,0.60] 0.43[0.26,0.60]
      3 0.52[0.38,0.67] 0.40[0.27,0.52] 0.46[0.32,0.62] 0.43[0.26,0.60] 0.43[0.26,0.60]
      5 0.52[0.40,0.65] 0.47[0.33,0.62] 0.45[0.33,0.60] 0.51[0.34,0.67] 0.51[0.34,0.67]
      7 0.59[0.44,0.72] 0.42[0.29,0.55] 0.58[0.44,0.71] 0.60[0.44,0.74] 0.52[0.33,0.68]
     10 0.50[0.34,0.65] 0.47[0.35,0.60] 0.55[0.40,0.70] 0.55[0.39,0.70] 0.51[0.33,0.67]
     14 0.52[0.34,0.67] 0.44[0.29,0.60] 0.48[0.31,0.64] 0.56[0.41,0.71] 0.44[0.28,0.60]

#### ROOM-level accuracy vs days of experience (confirmatory, clustered 95% CI) ####

  ### RARE
   days      llm_direct       llm_nomem          fusion   classical_C3g    classical_C1
      1 0.83[0.69,0.95] 0.74[0.62,0.88] 0.76[0.57,0.93] 0.26[0.00,0.60] 0.26[0.00,0.60]
      2 0.79[0.64,0.93] 0.71[0.52,0.90] 0.74[0.52,0.93] 0.40[0.14,0.69] 0.40[0.14,0.69]
      3 0.83[0.69,0.95] 0.64[0.45,0.83] 0.67[0.38,0.90] 0.50[0.19,0.81] 0.50[0.19,0.81]
      5 0.83[0.69,0.95] 0.67[0.38,0.90] 0.79[0.60,0.95] 0.76[0.57,0.93] 0.76[0.57,0.93]
      7 0.86[0.71,0.98] 0.69[0.40,0.93] 0.76[0.57,0.93] 0.76[0.57,0.93] 0.76[0.57,0.93]
     10 0.79[0.55,0.95] 0.71[0.48,0.93] 0.74[0.52,0.93] 0.71[0.52,0.90] 0.71[0.52,0.90]
     14 0.83[0.64,0.98] 0.76[0.52,0.98] 0.74[0.45,0.95] 0.71[0.48,0.93] 0.69[0.40,0.93]

  ### MEDIUM
   days      llm_direct       llm_nomem          fusion   classical_C3g    classical_C1
      1 0.74[0.45,0.95] 0.69[0.45,0.90] 0.76[0.48,0.95] 0.60[0.26,0.90] 0.60[0.26,0.90]
      2 0.79[0.55,0.95] 0.79[0.55,0.95] 0.79[0.55,0.95] 0.62[0.33,0.90] 0.62[0.33,0.90]
      3 0.76[0.52,0.95] 0.76[0.52,0.95] 0.76[0.52,0.95] 0.62[0.33,0.90] 0.62[0.33,0.90]
      5 0.79[0.55,0.98] 0.81[0.64,0.95] 0.74[0.50,0.98] 0.76[0.52,0.95] 0.76[0.52,0.95]
      7 0.79[0.60,0.95] 0.79[0.64,0.93] 0.60[0.33,0.86] 0.71[0.40,0.95] 0.71[0.40,0.95]
     10 0.83[0.69,0.95] 0.79[0.64,0.93] 0.83[0.69,0.95] 0.74[0.45,0.95] 0.74[0.45,0.95]
     14 0.81[0.64,0.95] 0.79[0.60,0.95] 0.81[0.64,0.95] 0.79[0.60,0.95] 0.74[0.45,0.95]

  ### FREQUENT
   days      llm_direct       llm_nomem          fusion   classical_C3g    classical_C1
      1 0.60[0.33,0.79] 0.26[0.10,0.43] 0.45[0.19,0.71] 0.19[0.05,0.38] 0.19[0.05,0.38]
      2 0.55[0.26,0.83] 0.55[0.29,0.81] 0.50[0.21,0.81] 0.50[0.17,0.83] 0.50[0.17,0.83]
      3 0.74[0.57,0.90] 0.55[0.29,0.79] 0.71[0.52,0.90] 0.55[0.19,0.88] 0.55[0.19,0.88]
      5 0.64[0.43,0.83] 0.52[0.29,0.76] 0.62[0.38,0.83] 0.38[0.10,0.71] 0.38[0.10,0.71]
      7 0.67[0.36,0.90] 0.45[0.19,0.71] 0.71[0.55,0.88] 0.57[0.33,0.79] 0.33[0.05,0.67]
     10 0.64[0.36,0.88] 0.40[0.17,0.67] 0.67[0.33,0.93] 0.36[0.07,0.69] 0.33[0.05,0.67]
     14 0.57[0.31,0.81] 0.31[0.07,0.64] 0.45[0.14,0.76] 0.50[0.17,0.83] 0.29[0.05,0.52]

  ### ALL
   days      llm_direct       llm_nomem          fusion   classical_C3g    classical_C1
      1 0.72[0.58,0.85] 0.56[0.41,0.71] 0.66[0.50,0.80] 0.35[0.18,0.53] 0.35[0.18,0.53]
      2 0.71[0.56,0.85] 0.68[0.54,0.82] 0.67[0.52,0.83] 0.51[0.33,0.69] 0.51[0.33,0.69]
      3 0.78[0.67,0.89] 0.65[0.51,0.79] 0.71[0.58,0.85] 0.56[0.37,0.74] 0.56[0.37,0.74]
      5 0.75[0.63,0.87] 0.67[0.52,0.81] 0.71[0.58,0.85] 0.63[0.46,0.79] 0.63[0.46,0.79]
      7 0.77[0.63,0.89] 0.64[0.49,0.79] 0.69[0.56,0.82] 0.68[0.53,0.83] 0.60[0.42,0.78]
     10 0.75[0.61,0.88] 0.63[0.48,0.79] 0.75[0.60,0.88] 0.60[0.42,0.77] 0.60[0.41,0.76]
     14 0.74[0.60,0.87] 0.62[0.45,0.79] 0.67[0.50,0.83] 0.67[0.50,0.83] 0.57[0.39,0.74]
wrote /data/oliver/robot/dynamic_home_eqa/reports/reflect/reflect_curves_deepseek_orand10.png and /data/oliver/robot/dynamic_home_eqa/reports/reflect/reflect_entropy_deepseek_orand10.png
