alpha sweep on DEV (210 queries, held-out accuracy):
  alpha=1:  fusion acc=0.248
  alpha=2:  fusion acc=0.252
  alpha=3:  fusion acc=0.295
  alpha=5:  fusion acc=0.286
  alpha=8:  fusion acc=0.286
  => FROZEN alpha* = 3

#### RECEPTACLE-level accuracy vs days of experience (confirmatory, clustered 95% CI) ####

  ### RARE
   days      llm_direct       llm_nomem          fusion   classical_C3g    classical_C1
      1 0.26[0.07,0.48] 0.26[0.05,0.52] 0.38[0.17,0.57] 0.10[0.00,0.29] 0.10[0.00,0.29]
      2 0.29[0.10,0.48] 0.26[0.07,0.45] 0.26[0.07,0.45] 0.24[0.07,0.43] 0.24[0.07,0.43]
      3 0.29[0.10,0.48] 0.24[0.07,0.43] 0.29[0.12,0.45] 0.19[0.05,0.33] 0.19[0.05,0.33]
      5 0.43[0.17,0.71] 0.40[0.19,0.60] 0.45[0.19,0.71] 0.45[0.19,0.71] 0.45[0.19,0.71]
      7 0.55[0.24,0.83] 0.64[0.38,0.88] 0.60[0.31,0.83] 0.57[0.29,0.81] 0.57[0.29,0.81]
     10 0.62[0.33,0.83] 0.50[0.24,0.76] 0.57[0.29,0.83] 0.62[0.45,0.81] 0.52[0.29,0.79]
     14 0.57[0.31,0.79] 0.55[0.38,0.74] 0.48[0.21,0.71] 0.48[0.29,0.71] 0.38[0.14,0.67]

  ### MEDIUM
   days      llm_direct       llm_nomem          fusion   classical_C3g    classical_C1
      1 0.71[0.48,0.90] 0.26[0.02,0.50] 0.71[0.48,0.90] 0.55[0.26,0.81] 0.55[0.26,0.81]
      2 0.50[0.21,0.76] 0.55[0.31,0.81] 0.50[0.21,0.79] 0.57[0.29,0.81] 0.57[0.29,0.81]
      3 0.52[0.24,0.79] 0.48[0.24,0.69] 0.48[0.19,0.76] 0.57[0.29,0.81] 0.57[0.29,0.81]
      5 0.71[0.48,0.90] 0.57[0.33,0.81] 0.64[0.38,0.90] 0.71[0.50,0.90] 0.71[0.50,0.90]
      7 0.64[0.38,0.88] 0.57[0.29,0.81] 0.57[0.26,0.86] 0.67[0.38,0.90] 0.67[0.38,0.90]
     10 0.67[0.43,0.88] 0.67[0.43,0.86] 0.79[0.67,0.90] 0.69[0.43,0.90] 0.69[0.43,0.90]
     14 0.60[0.38,0.81] 0.69[0.60,0.83] 0.69[0.40,0.90] 0.74[0.57,0.90] 0.69[0.43,0.90]

  ### FREQUENT
   days      llm_direct       llm_nomem          fusion   classical_C3g    classical_C1
      1 0.33[0.10,0.64] 0.19[0.05,0.38] 0.38[0.12,0.69] 0.19[0.05,0.38] 0.19[0.05,0.38]
      2 0.45[0.12,0.81] 0.36[0.07,0.67] 0.45[0.12,0.81] 0.48[0.14,0.81] 0.48[0.14,0.81]
      3 0.50[0.17,0.83] 0.29[0.10,0.52] 0.52[0.19,0.86] 0.52[0.19,0.86] 0.52[0.19,0.86]
      5 0.38[0.12,0.67] 0.24[0.05,0.45] 0.33[0.10,0.62] 0.36[0.10,0.69] 0.36[0.10,0.69]
      7 0.36[0.10,0.64] 0.17[0.07,0.26] 0.38[0.12,0.67] 0.55[0.33,0.79] 0.31[0.05,0.62]
     10 0.36[0.10,0.64] 0.14[0.05,0.24] 0.33[0.07,0.67] 0.33[0.07,0.67] 0.31[0.05,0.64]
     14 0.40[0.17,0.69] 0.24[0.05,0.48] 0.45[0.17,0.74] 0.48[0.14,0.81] 0.26[0.05,0.50]

  ### ALL
   days      llm_direct       llm_nomem          fusion   classical_C3g    classical_C1
      1 0.44[0.27,0.60] 0.24[0.11,0.37] 0.49[0.33,0.65] 0.28[0.13,0.44] 0.28[0.13,0.44]
      2 0.41[0.25,0.58] 0.39[0.25,0.55] 0.40[0.25,0.56] 0.43[0.26,0.60] 0.43[0.26,0.60]
      3 0.44[0.27,0.60] 0.33[0.21,0.47] 0.43[0.26,0.60] 0.43[0.26,0.60] 0.43[0.26,0.60]
      5 0.51[0.34,0.67] 0.40[0.26,0.55] 0.48[0.32,0.65] 0.51[0.34,0.67] 0.51[0.34,0.67]
      7 0.52[0.35,0.67] 0.46[0.30,0.62] 0.52[0.35,0.68] 0.60[0.44,0.74] 0.52[0.33,0.68]
     10 0.55[0.39,0.70] 0.44[0.28,0.60] 0.56[0.40,0.72] 0.55[0.39,0.70] 0.51[0.33,0.67]
     14 0.52[0.38,0.66] 0.49[0.36,0.63] 0.54[0.37,0.70] 0.56[0.41,0.71] 0.44[0.28,0.60]

#### ROOM-level accuracy vs days of experience (confirmatory, clustered 95% CI) ####

  ### RARE
   days      llm_direct       llm_nomem          fusion   classical_C3g    classical_C1
      1 0.74[0.50,0.93] 0.40[0.14,0.67] 0.74[0.50,0.93] 0.26[0.00,0.60] 0.26[0.00,0.60]
      2 0.76[0.57,0.93] 0.45[0.26,0.62] 0.74[0.52,0.93] 0.40[0.14,0.69] 0.40[0.14,0.69]
      3 0.76[0.57,0.93] 0.57[0.33,0.83] 0.67[0.38,0.90] 0.50[0.19,0.81] 0.50[0.19,0.81]
      5 0.74[0.50,0.93] 0.71[0.55,0.88] 0.76[0.57,0.93] 0.76[0.57,0.93] 0.76[0.57,0.93]
      7 0.74[0.45,0.95] 0.79[0.60,0.95] 0.79[0.60,0.95] 0.76[0.57,0.93] 0.76[0.57,0.93]
     10 0.81[0.64,0.95] 0.64[0.38,0.90] 0.76[0.52,0.95] 0.71[0.52,0.90] 0.71[0.52,0.90]
     14 0.81[0.64,0.95] 0.74[0.52,0.93] 0.79[0.64,0.93] 0.71[0.48,0.93] 0.69[0.40,0.93]

  ### MEDIUM
   days      llm_direct       llm_nomem          fusion   classical_C3g    classical_C1
      1 0.76[0.48,0.95] 0.45[0.21,0.69] 0.76[0.48,0.95] 0.60[0.26,0.90] 0.60[0.26,0.90]
      2 0.57[0.26,0.88] 0.69[0.45,0.90] 0.62[0.31,0.90] 0.62[0.33,0.90] 0.62[0.33,0.90]
      3 0.57[0.26,0.88] 0.67[0.38,0.90] 0.52[0.21,0.86] 0.62[0.33,0.90] 0.62[0.33,0.90]
      5 0.76[0.48,0.95] 0.76[0.48,0.95] 0.69[0.40,0.95] 0.76[0.52,0.95] 0.76[0.52,0.95]
      7 0.69[0.40,0.93] 0.74[0.55,0.90] 0.62[0.29,0.93] 0.71[0.40,0.95] 0.71[0.40,0.95]
     10 0.71[0.43,0.93] 0.74[0.48,0.93] 0.83[0.69,0.95] 0.74[0.45,0.95] 0.74[0.45,0.95]
     14 0.69[0.40,0.93] 0.74[0.62,0.86] 0.74[0.40,0.95] 0.79[0.60,0.95] 0.74[0.45,0.95]

  ### FREQUENT
   days      llm_direct       llm_nomem          fusion   classical_C3g    classical_C1
      1 0.33[0.10,0.64] 0.19[0.05,0.38] 0.38[0.12,0.69] 0.19[0.05,0.38] 0.19[0.05,0.38]
      2 0.48[0.14,0.83] 0.36[0.07,0.67] 0.48[0.14,0.83] 0.50[0.17,0.83] 0.50[0.17,0.83]
      3 0.69[0.36,0.93] 0.43[0.14,0.71] 0.55[0.21,0.86] 0.55[0.19,0.88] 0.55[0.19,0.88]
      5 0.57[0.29,0.86] 0.40[0.12,0.71] 0.38[0.10,0.71] 0.38[0.10,0.71] 0.38[0.10,0.71]
      7 0.52[0.24,0.81] 0.38[0.17,0.64] 0.57[0.29,0.86] 0.57[0.33,0.79] 0.33[0.05,0.67]
     10 0.52[0.24,0.81] 0.31[0.12,0.60] 0.52[0.19,0.86] 0.36[0.07,0.69] 0.33[0.05,0.67]
     14 0.60[0.33,0.86] 0.31[0.07,0.64] 0.50[0.19,0.81] 0.50[0.17,0.83] 0.29[0.05,0.52]

  ### ALL
   days      llm_direct       llm_nomem          fusion   classical_C3g    classical_C1
      1 0.61[0.44,0.78] 0.35[0.20,0.49] 0.63[0.45,0.79] 0.35[0.18,0.53] 0.35[0.18,0.53]
      2 0.60[0.42,0.78] 0.50[0.34,0.66] 0.61[0.43,0.78] 0.51[0.33,0.69] 0.51[0.33,0.69]
      3 0.67[0.51,0.83] 0.56[0.38,0.72] 0.58[0.38,0.76] 0.56[0.37,0.74] 0.56[0.37,0.74]
      5 0.69[0.53,0.84] 0.63[0.46,0.79] 0.61[0.44,0.79] 0.63[0.46,0.79] 0.63[0.46,0.79]
      7 0.65[0.48,0.81] 0.63[0.48,0.79] 0.66[0.48,0.83] 0.68[0.53,0.83] 0.60[0.42,0.78]
     10 0.68[0.52,0.83] 0.56[0.40,0.73] 0.71[0.54,0.85] 0.60[0.42,0.77] 0.60[0.41,0.76]
     14 0.70[0.55,0.84] 0.60[0.43,0.75] 0.67[0.50,0.83] 0.67[0.50,0.83] 0.57[0.39,0.74]
wrote /data/oliver/robot/dynamic_home_eqa/reports/reflect/reflect_curves_glm_orand10.png and /data/oliver/robot/dynamic_home_eqa/reports/reflect/reflect_entropy_glm_orand10.png
