alpha sweep on DEV (252 queries, held-out accuracy):
  alpha=1:  fusion acc=0.222
  alpha=2:  fusion acc=0.250
  alpha=3:  fusion acc=0.278
  alpha=5:  fusion acc=0.290
  alpha=8:  fusion acc=0.333
  => FROZEN alpha* = 8

#### RECEPTACLE-level accuracy vs days of experience (confirmatory, clustered 95% CI) ####

  ### RARE
   days      llm_direct       llm_nomem          fusion   classical_C3g    classical_C1
      1 0.39[0.10,0.69] 0.37[0.16,0.57] 0.35[0.12,0.57] 0.00[0.00,0.00] 0.00[0.00,0.00]
      2 0.33[0.10,0.55] 0.33[0.12,0.53] 0.37[0.12,0.61] 0.10[0.00,0.31] 0.10[0.00,0.31]
      3 0.41[0.10,0.73] 0.37[0.16,0.55] 0.41[0.10,0.73] 0.10[0.00,0.31] 0.10[0.00,0.31]
      5 0.51[0.24,0.76] 0.51[0.22,0.80] 0.47[0.22,0.73] 0.22[0.04,0.45] 0.22[0.04,0.45]
      7 0.35[0.12,0.59] 0.43[0.27,0.61] 0.35[0.16,0.55] 0.22[0.04,0.45] 0.22[0.04,0.45]
     10 0.31[0.06,0.59] 0.39[0.27,0.53] 0.31[0.12,0.57] 0.22[0.08,0.41] 0.22[0.08,0.41]
     14 0.45[0.18,0.73] 0.43[0.22,0.61] 0.43[0.20,0.69] 0.20[0.04,0.39] 0.20[0.04,0.39]

  ### MEDIUM
   days      llm_direct       llm_nomem          fusion   classical_C3g    classical_C1
      1 0.35[0.10,0.67] 0.35[0.12,0.61] 0.35[0.14,0.57] 0.00[0.00,0.00] 0.00[0.00,0.00]
      2 0.14[0.00,0.39] 0.14[0.04,0.29] 0.16[0.02,0.37] 0.04[0.00,0.12] 0.04[0.00,0.12]
      3 0.24[0.04,0.53] 0.08[0.02,0.16] 0.22[0.04,0.51] 0.04[0.00,0.12] 0.04[0.00,0.12]
      5 0.39[0.12,0.69] 0.24[0.00,0.53] 0.31[0.04,0.63] 0.18[0.00,0.47] 0.18[0.00,0.47]
      7 0.43[0.16,0.71] 0.37[0.08,0.67] 0.43[0.12,0.76] 0.43[0.14,0.76] 0.43[0.14,0.76]
     10 0.43[0.12,0.76] 0.39[0.08,0.71] 0.43[0.12,0.76] 0.43[0.14,0.76] 0.43[0.14,0.76]
     14 0.39[0.10,0.71] 0.33[0.04,0.71] 0.43[0.14,0.71] 0.43[0.14,0.86] 0.43[0.14,0.86]

  ### FREQUENT
   days      llm_direct       llm_nomem          fusion   classical_C3g    classical_C1
      1 0.36[0.20,0.53] 0.29[0.12,0.47] 0.32[0.16,0.49] 0.19[0.05,0.38] 0.19[0.05,0.38]
      2 0.32[0.16,0.50] 0.27[0.12,0.43] 0.27[0.11,0.44] 0.19[0.05,0.38] 0.19[0.05,0.38]
      3 0.32[0.16,0.48] 0.19[0.07,0.35] 0.26[0.09,0.44] 0.19[0.05,0.36] 0.19[0.05,0.36]
      5 0.58[0.43,0.73] 0.51[0.32,0.69] 0.49[0.29,0.69] 0.41[0.23,0.64] 0.41[0.23,0.64]
      7 0.62[0.45,0.78] 0.51[0.34,0.69] 0.46[0.27,0.65] 0.44[0.23,0.64] 0.44[0.23,0.64]
     10 0.46[0.31,0.63] 0.38[0.22,0.55] 0.36[0.19,0.53] 0.32[0.14,0.52] 0.32[0.14,0.52]
     14 0.58[0.42,0.76] 0.38[0.24,0.53] 0.58[0.38,0.77] 0.41[0.22,0.60] 0.41[0.22,0.60]

  ### ALL
   days      llm_direct       llm_nomem          fusion   classical_C3g    classical_C1
      1 0.37[0.24,0.49] 0.32[0.20,0.44] 0.33[0.21,0.45] 0.12[0.03,0.23] 0.12[0.03,0.23]
      2 0.29[0.17,0.41] 0.25[0.15,0.37] 0.27[0.15,0.38] 0.15[0.05,0.26] 0.15[0.05,0.26]
      3 0.32[0.20,0.44] 0.21[0.11,0.31] 0.28[0.16,0.41] 0.15[0.05,0.26] 0.15[0.05,0.26]
      5 0.53[0.40,0.65] 0.46[0.31,0.60] 0.45[0.31,0.60] 0.33[0.19,0.48] 0.33[0.19,0.48]
      7 0.53[0.39,0.66] 0.46[0.34,0.59] 0.43[0.30,0.57] 0.40[0.25,0.55] 0.40[0.25,0.55]
     10 0.42[0.29,0.56] 0.38[0.26,0.50] 0.36[0.24,0.49] 0.32[0.19,0.46] 0.32[0.19,0.46]
     14 0.52[0.38,0.66] 0.38[0.27,0.50] 0.52[0.37,0.67] 0.37[0.23,0.52] 0.37[0.23,0.52]

#### ROOM-level accuracy vs days of experience (confirmatory, clustered 95% CI) ####

  ### RARE
   days      llm_direct       llm_nomem          fusion   classical_C3g    classical_C1
      1 0.59[0.33,0.82] 0.51[0.33,0.67] 0.51[0.29,0.73] 0.00[0.00,0.00] 0.00[0.00,0.00]
      2 0.51[0.29,0.71] 0.53[0.37,0.67] 0.57[0.33,0.80] 0.10[0.00,0.31] 0.10[0.00,0.31]
      3 0.61[0.35,0.88] 0.49[0.33,0.63] 0.59[0.33,0.84] 0.10[0.00,0.31] 0.10[0.00,0.31]
      5 0.59[0.39,0.80] 0.71[0.55,0.84] 0.55[0.35,0.78] 0.22[0.04,0.45] 0.22[0.04,0.45]
      7 0.55[0.39,0.76] 0.53[0.41,0.65] 0.47[0.33,0.63] 0.22[0.04,0.45] 0.22[0.04,0.45]
     10 0.49[0.27,0.73] 0.47[0.35,0.61] 0.41[0.20,0.65] 0.22[0.08,0.41] 0.22[0.08,0.41]
     14 0.65[0.47,0.84] 0.53[0.39,0.65] 0.53[0.33,0.76] 0.20[0.04,0.39] 0.20[0.04,0.39]

  ### MEDIUM
   days      llm_direct       llm_nomem          fusion   classical_C3g    classical_C1
      1 0.35[0.10,0.67] 0.35[0.12,0.61] 0.35[0.14,0.57] 0.00[0.00,0.00] 0.00[0.00,0.00]
      2 0.14[0.00,0.39] 0.14[0.04,0.29] 0.16[0.02,0.37] 0.04[0.00,0.12] 0.04[0.00,0.12]
      3 0.37[0.10,0.67] 0.08[0.02,0.16] 0.35[0.08,0.67] 0.04[0.00,0.12] 0.04[0.00,0.12]
      5 0.39[0.12,0.69] 0.27[0.02,0.55] 0.31[0.04,0.63] 0.18[0.00,0.47] 0.18[0.00,0.47]
      7 0.45[0.18,0.73] 0.37[0.08,0.67] 0.57[0.24,0.86] 0.57[0.26,0.86] 0.57[0.26,0.86]
     10 0.45[0.14,0.76] 0.39[0.08,0.71] 0.57[0.24,0.86] 0.57[0.26,0.86] 0.57[0.26,0.86]
     14 0.41[0.10,0.73] 0.33[0.04,0.71] 0.57[0.14,0.86] 0.57[0.29,0.86] 0.57[0.29,0.86]

  ### FREQUENT
   days      llm_direct       llm_nomem          fusion   classical_C3g    classical_C1
      1 0.45[0.28,0.62] 0.32[0.16,0.49] 0.39[0.22,0.56] 0.19[0.05,0.38] 0.19[0.05,0.38]
      2 0.42[0.24,0.60] 0.31[0.16,0.46] 0.36[0.18,0.54] 0.19[0.05,0.38] 0.19[0.05,0.38]
      3 0.41[0.24,0.58] 0.21[0.09,0.36] 0.36[0.18,0.55] 0.19[0.05,0.36] 0.19[0.05,0.36]
      5 0.62[0.47,0.77] 0.55[0.36,0.73] 0.54[0.35,0.74] 0.45[0.27,0.68] 0.45[0.27,0.68]
      7 0.71[0.56,0.86] 0.56[0.40,0.75] 0.58[0.39,0.77] 0.53[0.32,0.73] 0.53[0.32,0.73]
     10 0.56[0.40,0.72] 0.41[0.24,0.58] 0.41[0.23,0.58] 0.36[0.18,0.56] 0.36[0.18,0.56]
     14 0.71[0.55,0.86] 0.44[0.29,0.60] 0.68[0.49,0.84] 0.50[0.31,0.69] 0.50[0.31,0.69]

  ### ALL
   days      llm_direct       llm_nomem          fusion   classical_C3g    classical_C1
      1 0.46[0.32,0.58] 0.37[0.25,0.48] 0.40[0.28,0.52] 0.12[0.03,0.23] 0.12[0.03,0.23]
      2 0.38[0.25,0.51] 0.32[0.21,0.43] 0.36[0.23,0.50] 0.15[0.05,0.26] 0.15[0.05,0.26]
      3 0.44[0.31,0.57] 0.24[0.15,0.35] 0.40[0.27,0.54] 0.15[0.05,0.26] 0.15[0.05,0.26]
      5 0.57[0.45,0.69] 0.52[0.38,0.67] 0.50[0.35,0.64] 0.36[0.21,0.51] 0.36[0.21,0.51]
      7 0.63[0.51,0.75] 0.52[0.39,0.64] 0.56[0.43,0.69] 0.48[0.33,0.63] 0.48[0.33,0.63]
     10 0.52[0.40,0.65] 0.42[0.29,0.54] 0.44[0.31,0.58] 0.38[0.24,0.52] 0.38[0.24,0.52]
     14 0.64[0.51,0.75] 0.44[0.32,0.56] 0.63[0.48,0.76] 0.46[0.31,0.61] 0.46[0.31,0.61]
wrote /data/oliver/robot/dynamic_home_eqa/reports/reflect/reflect_curves_distractor_d0.png and /data/oliver/robot/dynamic_home_eqa/reports/reflect/reflect_entropy_distractor_d0.png
