
#### RECEPTACLE-level accuracy vs days of experience (confirmatory, clustered 95% CI) ####

  ### RARE
   days      llm_direct       llm_nomem          fusion   classical_C3g    classical_C1
      1 0.74[0.55,0.90] 0.62[0.43,0.81] 0.69[0.43,0.90] 0.57[0.19,0.90] 0.57[0.19,0.90]
      2 0.57[0.31,0.83] 0.64[0.48,0.83] 0.71[0.52,0.90] 0.71[0.52,0.90] 0.71[0.52,0.90]
      3 0.57[0.31,0.83] 0.62[0.45,0.81] 0.71[0.52,0.90] 0.64[0.38,0.90] 0.64[0.38,0.90]
      5 0.36[0.10,0.62] 0.62[0.38,0.83] 0.55[0.40,0.74] 0.67[0.40,0.90] 0.67[0.40,0.90]
      7 0.40[0.14,0.67] 0.50[0.31,0.74] 0.57[0.36,0.79] 0.55[0.26,0.83] 0.67[0.40,0.90]
     10 0.33[0.10,0.62] 0.52[0.26,0.79] 0.43[0.19,0.69] 0.52[0.24,0.81] 0.64[0.38,0.90]
     14 0.40[0.14,0.67] 0.50[0.24,0.76] 0.52[0.29,0.76] 0.52[0.26,0.79] 0.62[0.38,0.83]

  ### MEDIUM
   days      llm_direct       llm_nomem          fusion   classical_C3g    classical_C1
      1 0.62[0.31,0.90] 0.71[0.48,0.90] 0.60[0.26,0.90] 0.45[0.17,0.76] 0.45[0.17,0.76]
      2 0.62[0.31,0.90] 0.60[0.36,0.81] 0.62[0.31,0.90] 0.48[0.19,0.76] 0.48[0.19,0.76]
      3 0.55[0.29,0.79] 0.52[0.29,0.74] 0.48[0.19,0.76] 0.48[0.19,0.76] 0.48[0.19,0.76]
      5 0.45[0.17,0.76] 0.57[0.31,0.83] 0.55[0.29,0.81] 0.71[0.48,0.90] 0.45[0.17,0.76]
      7 0.52[0.26,0.79] 0.55[0.26,0.81] 0.64[0.45,0.81] 0.52[0.21,0.86] 0.43[0.14,0.76]
     10 0.50[0.21,0.76] 0.55[0.26,0.81] 0.52[0.24,0.79] 0.50[0.19,0.81] 0.52[0.24,0.81]
     14 0.48[0.21,0.74] 0.50[0.24,0.74] 0.57[0.26,0.86] 0.60[0.40,0.81] 0.48[0.24,0.69]

  ### FREQUENT
   days      llm_direct       llm_nomem          fusion   classical_C3g    classical_C1
      1 0.19[0.05,0.38] 0.14[0.00,0.33] 0.21[0.05,0.45] 0.40[0.14,0.69] 0.40[0.14,0.69]
      2 0.29[0.07,0.52] 0.36[0.14,0.57] 0.24[0.12,0.33] 0.57[0.29,0.86] 0.40[0.14,0.69]
      3 0.36[0.17,0.57] 0.31[0.12,0.50] 0.45[0.21,0.71] 0.55[0.26,0.83] 0.36[0.10,0.69]
      5 0.24[0.07,0.40] 0.24[0.07,0.40] 0.52[0.29,0.76] 0.64[0.43,0.86] 0.43[0.17,0.69]
      7 0.21[0.05,0.40] 0.36[0.14,0.60] 0.52[0.21,0.83] 0.62[0.29,0.90] 0.36[0.10,0.64]
     10 0.31[0.14,0.48] 0.29[0.17,0.38] 0.71[0.52,0.90] 0.69[0.40,0.93] 0.36[0.10,0.64]
     14 0.36[0.12,0.60] 0.36[0.14,0.57] 0.76[0.55,0.95] 0.67[0.36,0.93] 0.36[0.10,0.64]

  ### ALL
   days      llm_direct       llm_nomem          fusion   classical_C3g    classical_C1
      1 0.52[0.34,0.68] 0.49[0.33,0.65] 0.50[0.33,0.67] 0.48[0.29,0.67] 0.48[0.29,0.67]
      2 0.49[0.31,0.67] 0.53[0.40,0.66] 0.52[0.37,0.67] 0.59[0.43,0.75] 0.53[0.37,0.70]
      3 0.49[0.34,0.64] 0.48[0.35,0.62] 0.55[0.39,0.70] 0.56[0.39,0.72] 0.49[0.32,0.67]
      5 0.35[0.20,0.51] 0.48[0.33,0.63] 0.54[0.41,0.67] 0.67[0.53,0.80] 0.52[0.34,0.69]
      7 0.38[0.24,0.53] 0.47[0.33,0.62] 0.58[0.44,0.71] 0.56[0.38,0.74] 0.48[0.31,0.67]
     10 0.38[0.23,0.53] 0.45[0.31,0.60] 0.56[0.40,0.71] 0.57[0.40,0.74] 0.51[0.34,0.68]
     14 0.41[0.26,0.56] 0.45[0.31,0.60] 0.62[0.46,0.77] 0.60[0.44,0.75] 0.48[0.33,0.64]

#### ROOM-level accuracy vs days of experience (confirmatory, clustered 95% CI) ####

  ### RARE
   days      llm_direct       llm_nomem          fusion   classical_C3g    classical_C1
      1 0.76[0.57,0.93] 0.71[0.48,0.93] 0.71[0.43,0.93] 0.60[0.19,0.93] 0.60[0.19,0.93]
      2 0.76[0.57,0.93] 0.67[0.48,0.86] 0.74[0.52,0.93] 0.74[0.52,0.93] 0.74[0.52,0.93]
      3 0.76[0.57,0.93] 0.69[0.52,0.88] 0.74[0.52,0.93] 0.67[0.38,0.90] 0.67[0.38,0.90]
      5 0.71[0.43,0.93] 0.76[0.60,0.93] 0.76[0.57,0.93] 0.69[0.40,0.93] 0.69[0.40,0.93]
      7 0.76[0.57,0.93] 0.69[0.52,0.86] 0.76[0.57,0.93] 0.69[0.40,0.93] 0.69[0.40,0.93]
     10 0.69[0.36,0.93] 0.69[0.40,0.93] 0.74[0.52,0.93] 0.67[0.38,0.90] 0.67[0.38,0.90]
     14 0.76[0.57,0.93] 0.79[0.60,0.95] 0.76[0.57,0.93] 0.69[0.40,0.93] 0.69[0.40,0.93]

  ### MEDIUM
   days      llm_direct       llm_nomem          fusion   classical_C3g    classical_C1
      1 0.67[0.33,0.95] 0.76[0.48,0.95] 0.64[0.31,0.95] 0.50[0.19,0.86] 0.50[0.19,0.86]
      2 0.67[0.33,0.95] 0.76[0.48,0.95] 0.67[0.33,0.95] 0.52[0.21,0.86] 0.52[0.21,0.86]
      3 0.60[0.31,0.88] 0.69[0.38,0.93] 0.52[0.21,0.86] 0.52[0.21,0.86] 0.52[0.21,0.86]
      5 0.50[0.19,0.86] 0.76[0.48,0.98] 0.64[0.36,0.93] 0.76[0.48,0.95] 0.50[0.19,0.86]
      7 0.57[0.29,0.86] 0.74[0.40,0.95] 0.69[0.48,0.90] 0.64[0.29,0.95] 0.48[0.14,0.83]
     10 0.55[0.24,0.86] 0.71[0.40,0.93] 0.57[0.24,0.88] 0.62[0.29,0.93] 0.57[0.26,0.86]
     14 0.52[0.21,0.83] 0.71[0.48,0.88] 0.62[0.29,0.93] 0.76[0.52,0.95] 0.57[0.26,0.86]

  ### FREQUENT
   days      llm_direct       llm_nomem          fusion   classical_C3g    classical_C1
      1 0.21[0.05,0.45] 0.31[0.05,0.62] 0.21[0.05,0.45] 0.43[0.14,0.71] 0.43[0.14,0.71]
      2 0.40[0.14,0.67] 0.40[0.14,0.69] 0.36[0.19,0.55] 0.60[0.29,0.88] 0.43[0.14,0.71]
      3 0.38[0.19,0.57] 0.36[0.12,0.64] 0.48[0.24,0.74] 0.57[0.26,0.86] 0.38[0.10,0.71]
      5 0.43[0.19,0.69] 0.36[0.12,0.64] 0.55[0.29,0.79] 0.67[0.45,0.88] 0.45[0.17,0.74]
      7 0.40[0.14,0.71] 0.48[0.19,0.79] 0.55[0.24,0.86] 0.64[0.33,0.93] 0.38[0.10,0.67]
     10 0.50[0.26,0.74] 0.38[0.17,0.64] 0.74[0.52,0.93] 0.71[0.43,0.95] 0.38[0.10,0.67]
     14 0.55[0.29,0.79] 0.40[0.14,0.69] 0.79[0.57,0.95] 0.69[0.38,0.95] 0.38[0.10,0.67]

  ### ALL
   days      llm_direct       llm_nomem          fusion   classical_C3g    classical_C1
      1 0.55[0.37,0.72] 0.60[0.41,0.78] 0.52[0.34,0.71] 0.51[0.31,0.71] 0.51[0.31,0.71]
      2 0.61[0.44,0.78] 0.61[0.44,0.76] 0.59[0.43,0.75] 0.62[0.45,0.79] 0.56[0.39,0.74]
      3 0.58[0.42,0.74] 0.58[0.41,0.74] 0.58[0.40,0.75] 0.59[0.41,0.77] 0.52[0.34,0.71]
      5 0.55[0.37,0.72] 0.63[0.46,0.79] 0.65[0.50,0.79] 0.71[0.56,0.84] 0.55[0.37,0.73]
      7 0.58[0.40,0.75] 0.63[0.47,0.79] 0.67[0.52,0.82] 0.66[0.48,0.83] 0.52[0.33,0.71]
     10 0.58[0.40,0.75] 0.60[0.42,0.76] 0.68[0.53,0.82] 0.67[0.48,0.83] 0.54[0.36,0.72]
     14 0.61[0.44,0.77] 0.63[0.48,0.79] 0.72[0.56,0.87] 0.71[0.56,0.86] 0.55[0.37,0.73]
wrote /data/oliver/robot/dynamic_home_eqa/reports/reflect/reflect_curves_glm.png and /data/oliver/robot/dynamic_home_eqa/reports/reflect/reflect_entropy_glm.png
