alpha sweep on DEV (252 queries, held-out accuracy):
  alpha=1:  fusion acc=0.250
  alpha=2:  fusion acc=0.278
  alpha=3:  fusion acc=0.313
  alpha=5:  fusion acc=0.325
  alpha=8:  fusion acc=0.341
  => FROZEN alpha* = 8

#### RECEPTACLE-level accuracy vs days of experience (confirmatory, clustered 95% CI) ####

  ### RARE
   days      llm_direct       llm_nomem          fusion   classical_C3g    classical_C1
      1 0.33[0.06,0.61] 0.33[0.10,0.57] 0.35[0.12,0.61] 0.00[0.00,0.00] 0.00[0.00,0.00]
      2 0.39[0.10,0.69] 0.33[0.08,0.57] 0.39[0.10,0.69] 0.10[0.00,0.31] 0.10[0.00,0.31]
      3 0.39[0.10,0.69] 0.41[0.12,0.67] 0.39[0.10,0.69] 0.10[0.00,0.31] 0.10[0.00,0.31]
      5 0.45[0.20,0.69] 0.35[0.10,0.59] 0.43[0.20,0.69] 0.22[0.04,0.45] 0.22[0.04,0.45]
      7 0.43[0.14,0.73] 0.29[0.08,0.47] 0.35[0.12,0.61] 0.22[0.04,0.45] 0.22[0.04,0.45]
     10 0.45[0.16,0.73] 0.39[0.12,0.67] 0.41[0.18,0.67] 0.22[0.08,0.41] 0.22[0.08,0.41]
     14 0.37[0.12,0.63] 0.39[0.12,0.63] 0.39[0.18,0.65] 0.20[0.04,0.39] 0.20[0.04,0.39]

  ### MEDIUM
   days      llm_direct       llm_nomem          fusion   classical_C3g    classical_C1
      1 0.57[0.33,0.80] 0.16[0.02,0.37] 0.51[0.27,0.73] 0.00[0.00,0.00] 0.00[0.00,0.00]
      2 0.12[0.02,0.24] 0.12[0.02,0.24] 0.18[0.08,0.29] 0.04[0.00,0.12] 0.04[0.00,0.12]
      3 0.20[0.02,0.49] 0.04[0.00,0.12] 0.22[0.04,0.51] 0.04[0.00,0.12] 0.04[0.00,0.12]
      5 0.39[0.10,0.71] 0.27[0.02,0.57] 0.33[0.04,0.71] 0.18[0.00,0.47] 0.18[0.00,0.47]
      7 0.53[0.24,0.80] 0.39[0.10,0.71] 0.43[0.12,0.76] 0.43[0.14,0.76] 0.43[0.14,0.76]
     10 0.51[0.14,0.84] 0.31[0.08,0.55] 0.43[0.12,0.76] 0.43[0.14,0.76] 0.43[0.14,0.76]
     14 0.45[0.14,0.76] 0.20[0.00,0.49] 0.43[0.14,0.71] 0.43[0.14,0.86] 0.43[0.14,0.86]

  ### FREQUENT
   days      llm_direct       llm_nomem          fusion   classical_C3g    classical_C1
      1 0.35[0.18,0.53] 0.29[0.12,0.46] 0.27[0.12,0.44] 0.19[0.05,0.38] 0.19[0.05,0.38]
      2 0.27[0.12,0.43] 0.27[0.11,0.45] 0.26[0.10,0.43] 0.19[0.05,0.38] 0.19[0.05,0.38]
      3 0.28[0.13,0.45] 0.23[0.08,0.39] 0.26[0.10,0.44] 0.19[0.05,0.36] 0.19[0.05,0.36]
      5 0.57[0.42,0.73] 0.58[0.41,0.76] 0.48[0.29,0.68] 0.41[0.23,0.64] 0.41[0.23,0.64]
      7 0.53[0.36,0.70] 0.53[0.36,0.69] 0.44[0.25,0.64] 0.44[0.23,0.64] 0.44[0.23,0.64]
     10 0.41[0.26,0.57] 0.49[0.33,0.66] 0.28[0.14,0.43] 0.32[0.14,0.52] 0.32[0.14,0.52]
     14 0.47[0.31,0.63] 0.45[0.31,0.60] 0.38[0.21,0.56] 0.41[0.22,0.60] 0.41[0.22,0.60]

  ### ALL
   days      llm_direct       llm_nomem          fusion   classical_C3g    classical_C1
      1 0.39[0.26,0.51] 0.27[0.15,0.39] 0.33[0.21,0.45] 0.12[0.03,0.23] 0.12[0.03,0.23]
      2 0.27[0.16,0.38] 0.25[0.14,0.37] 0.27[0.16,0.39] 0.15[0.05,0.26] 0.15[0.05,0.26]
      3 0.29[0.17,0.41] 0.23[0.12,0.35] 0.28[0.15,0.41] 0.15[0.05,0.26] 0.15[0.05,0.26]
      5 0.51[0.38,0.64] 0.48[0.34,0.61] 0.44[0.30,0.59] 0.33[0.19,0.48] 0.33[0.19,0.48]
      7 0.51[0.38,0.63] 0.45[0.32,0.58] 0.42[0.28,0.57] 0.40[0.25,0.55] 0.40[0.25,0.55]
     10 0.44[0.31,0.56] 0.43[0.31,0.56] 0.33[0.21,0.45] 0.32[0.19,0.46] 0.32[0.19,0.46]
     14 0.45[0.32,0.58] 0.39[0.27,0.51] 0.39[0.26,0.53] 0.37[0.23,0.52] 0.37[0.23,0.52]

#### ROOM-level accuracy vs days of experience (confirmatory, clustered 95% CI) ####

  ### RARE
   days      llm_direct       llm_nomem          fusion   classical_C3g    classical_C1
      1 0.47[0.24,0.71] 0.47[0.27,0.67] 0.49[0.24,0.73] 0.00[0.00,0.00] 0.00[0.00,0.00]
      2 0.55[0.31,0.80] 0.45[0.24,0.65] 0.57[0.33,0.80] 0.10[0.00,0.31] 0.10[0.00,0.31]
      3 0.59[0.33,0.82] 0.51[0.22,0.76] 0.61[0.35,0.88] 0.10[0.00,0.31] 0.10[0.00,0.31]
      5 0.57[0.41,0.76] 0.41[0.18,0.63] 0.55[0.39,0.73] 0.22[0.04,0.45] 0.22[0.04,0.45]
      7 0.61[0.37,0.84] 0.39[0.18,0.57] 0.45[0.29,0.67] 0.22[0.04,0.45] 0.22[0.04,0.45]
     10 0.65[0.45,0.84] 0.49[0.22,0.73] 0.51[0.29,0.76] 0.22[0.08,0.41] 0.22[0.08,0.41]
     14 0.57[0.37,0.76] 0.43[0.18,0.63] 0.49[0.29,0.71] 0.20[0.04,0.39] 0.20[0.04,0.39]

  ### MEDIUM
   days      llm_direct       llm_nomem          fusion   classical_C3g    classical_C1
      1 0.59[0.35,0.84] 0.16[0.02,0.37] 0.53[0.27,0.80] 0.00[0.00,0.00] 0.00[0.00,0.00]
      2 0.16[0.04,0.33] 0.12[0.02,0.24] 0.20[0.08,0.35] 0.04[0.00,0.12] 0.04[0.00,0.12]
      3 0.22[0.02,0.51] 0.04[0.00,0.12] 0.24[0.04,0.53] 0.04[0.00,0.12] 0.04[0.00,0.12]
      5 0.39[0.10,0.71] 0.27[0.02,0.57] 0.33[0.04,0.71] 0.18[0.00,0.47] 0.18[0.00,0.47]
      7 0.53[0.24,0.80] 0.39[0.10,0.71] 0.57[0.24,0.86] 0.57[0.26,0.86] 0.57[0.26,0.86]
     10 0.51[0.14,0.84] 0.35[0.12,0.59] 0.57[0.24,0.86] 0.57[0.26,0.86] 0.57[0.26,0.86]
     14 0.45[0.14,0.76] 0.20[0.00,0.49] 0.57[0.14,0.86] 0.57[0.29,0.86] 0.57[0.29,0.86]

  ### FREQUENT
   days      llm_direct       llm_nomem          fusion   classical_C3g    classical_C1
      1 0.44[0.26,0.62] 0.29[0.13,0.47] 0.36[0.18,0.53] 0.19[0.05,0.38] 0.19[0.05,0.38]
      2 0.36[0.19,0.53] 0.31[0.14,0.47] 0.34[0.18,0.52] 0.19[0.05,0.38] 0.19[0.05,0.38]
      3 0.36[0.19,0.53] 0.24[0.09,0.40] 0.34[0.16,0.53] 0.19[0.05,0.36] 0.19[0.05,0.36]
      5 0.61[0.45,0.76] 0.58[0.41,0.76] 0.53[0.34,0.73] 0.45[0.27,0.68] 0.45[0.27,0.68]
      7 0.69[0.54,0.84] 0.55[0.38,0.71] 0.58[0.38,0.77] 0.53[0.32,0.73] 0.53[0.32,0.73]
     10 0.55[0.39,0.71] 0.51[0.34,0.68] 0.37[0.22,0.53] 0.36[0.18,0.56] 0.36[0.18,0.56]
     14 0.60[0.43,0.75] 0.48[0.32,0.64] 0.50[0.31,0.68] 0.50[0.31,0.69] 0.50[0.31,0.69]

  ### ALL
   days      llm_direct       llm_nomem          fusion   classical_C3g    classical_C1
      1 0.48[0.34,0.60] 0.30[0.18,0.42] 0.42[0.29,0.54] 0.12[0.03,0.23] 0.12[0.03,0.23]
      2 0.36[0.24,0.48] 0.30[0.19,0.41] 0.36[0.24,0.49] 0.15[0.05,0.26] 0.15[0.05,0.26]
      3 0.38[0.25,0.51] 0.25[0.14,0.37] 0.38[0.24,0.52] 0.15[0.05,0.26] 0.15[0.05,0.26]
      5 0.56[0.43,0.68] 0.49[0.35,0.62] 0.49[0.35,0.63] 0.36[0.21,0.51] 0.36[0.21,0.51]
      7 0.65[0.52,0.76] 0.48[0.35,0.62] 0.55[0.41,0.69] 0.48[0.33,0.63] 0.48[0.33,0.63]
     10 0.56[0.44,0.68] 0.47[0.35,0.60] 0.44[0.31,0.56] 0.38[0.24,0.52] 0.38[0.24,0.52]
     14 0.56[0.44,0.68] 0.42[0.29,0.54] 0.51[0.37,0.65] 0.46[0.31,0.61] 0.46[0.31,0.61]
wrote /data/oliver/robot/dynamic_home_eqa/reports/reflect/reflect_curves_distractor_d6.png and /data/oliver/robot/dynamic_home_eqa/reports/reflect/reflect_entropy_distractor_d6.png
