alpha sweep on DEV (210 queries, held-out accuracy):
  alpha=1:  fusion acc=0.500
  alpha=2:  fusion acc=0.533
  alpha=3:  fusion acc=0.548
  alpha=5:  fusion acc=0.505
  alpha=8:  fusion acc=0.505
  => FROZEN alpha* = 3

#### RECEPTACLE-level accuracy vs days of experience (confirmatory, clustered 95% CI) ####

  ### RARE
   days      llm_direct       llm_nomem          fusion   classical_C3g    classical_C1
      1 0.79[0.64,0.93] 0.50[0.36,0.67] 0.79[0.64,0.93] 0.57[0.19,0.90] 0.57[0.19,0.90]
      2 0.81[0.69,0.93] 0.69[0.55,0.86] 0.71[0.52,0.90] 0.71[0.52,0.90] 0.71[0.52,0.90]
      3 0.60[0.36,0.83] 0.50[0.33,0.67] 0.67[0.48,0.90] 0.64[0.38,0.90] 0.64[0.38,0.90]
      5 0.62[0.36,0.86] 0.67[0.52,0.81] 0.74[0.55,0.90] 0.67[0.40,0.90] 0.67[0.40,0.90]
      7 0.45[0.19,0.74] 0.40[0.21,0.62] 0.64[0.38,0.88] 0.55[0.26,0.83] 0.67[0.40,0.90]
     10 0.62[0.38,0.83] 0.55[0.45,0.69] 0.64[0.45,0.86] 0.52[0.24,0.81] 0.64[0.38,0.90]
     14 0.69[0.50,0.86] 0.43[0.24,0.64] 0.62[0.50,0.79] 0.52[0.26,0.79] 0.62[0.38,0.83]

  ### MEDIUM
   days      llm_direct       llm_nomem          fusion   classical_C3g    classical_C1
      1 0.64[0.36,0.86] 0.67[0.43,0.90] 0.67[0.43,0.86] 0.45[0.17,0.76] 0.45[0.17,0.76]
      2 0.52[0.24,0.79] 0.67[0.43,0.90] 0.55[0.29,0.81] 0.48[0.19,0.76] 0.48[0.19,0.76]
      3 0.43[0.19,0.69] 0.71[0.52,0.90] 0.52[0.33,0.69] 0.48[0.19,0.76] 0.48[0.19,0.76]
      5 0.57[0.31,0.83] 0.71[0.57,0.86] 0.64[0.38,0.90] 0.71[0.48,0.90] 0.45[0.17,0.76]
      7 0.48[0.14,0.81] 0.52[0.36,0.69] 0.50[0.17,0.83] 0.52[0.21,0.86] 0.43[0.14,0.76]
     10 0.67[0.50,0.83] 0.64[0.48,0.81] 0.60[0.33,0.86] 0.50[0.19,0.81] 0.52[0.24,0.81]
     14 0.60[0.40,0.81] 0.64[0.52,0.76] 0.69[0.50,0.86] 0.60[0.40,0.81] 0.48[0.24,0.69]

  ### FREQUENT
   days      llm_direct       llm_nomem          fusion   classical_C3g    classical_C1
      1 0.55[0.48,0.62] 0.57[0.33,0.79] 0.57[0.48,0.67] 0.40[0.14,0.69] 0.40[0.14,0.69]
      2 0.40[0.14,0.67] 0.52[0.26,0.76] 0.45[0.21,0.67] 0.57[0.29,0.86] 0.40[0.14,0.69]
      3 0.40[0.17,0.69] 0.48[0.26,0.67] 0.40[0.29,0.52] 0.55[0.26,0.83] 0.36[0.10,0.69]
      5 0.36[0.12,0.60] 0.52[0.31,0.76] 0.38[0.26,0.55] 0.64[0.43,0.86] 0.43[0.17,0.69]
      7 0.52[0.19,0.86] 0.40[0.21,0.57] 0.62[0.40,0.83] 0.62[0.29,0.90] 0.36[0.10,0.64]
     10 0.55[0.43,0.67] 0.48[0.31,0.62] 0.60[0.38,0.83] 0.69[0.40,0.93] 0.36[0.10,0.64]
     14 0.36[0.26,0.45] 0.38[0.19,0.62] 0.79[0.60,0.95] 0.67[0.36,0.93] 0.36[0.10,0.64]

  ### ALL
   days      llm_direct       llm_nomem          fusion   classical_C3g    classical_C1
      1 0.66[0.55,0.76] 0.58[0.45,0.71] 0.67[0.57,0.77] 0.48[0.29,0.67] 0.48[0.29,0.67]
      2 0.58[0.42,0.73] 0.63[0.49,0.75] 0.57[0.43,0.71] 0.59[0.43,0.75] 0.53[0.37,0.70]
      3 0.48[0.33,0.63] 0.56[0.44,0.68] 0.53[0.42,0.65] 0.56[0.39,0.72] 0.49[0.32,0.67]
      5 0.52[0.36,0.68] 0.63[0.52,0.75] 0.59[0.45,0.72] 0.67[0.53,0.80] 0.52[0.34,0.69]
      7 0.48[0.30,0.66] 0.44[0.33,0.56] 0.59[0.43,0.75] 0.56[0.38,0.74] 0.48[0.31,0.67]
     10 0.61[0.51,0.71] 0.56[0.46,0.65] 0.61[0.48,0.75] 0.57[0.40,0.74] 0.51[0.34,0.68]
     14 0.55[0.44,0.67] 0.48[0.37,0.60] 0.70[0.60,0.80] 0.60[0.44,0.75] 0.48[0.33,0.64]

#### ROOM-level accuracy vs days of experience (confirmatory, clustered 95% CI) ####

  ### RARE
   days      llm_direct       llm_nomem          fusion   classical_C3g    classical_C1
      1 0.81[0.64,0.95] 0.74[0.50,0.93] 0.81[0.64,0.95] 0.60[0.19,0.93] 0.60[0.19,0.93]
      2 0.83[0.69,0.95] 0.76[0.57,0.93] 0.74[0.52,0.93] 0.74[0.52,0.93] 0.74[0.52,0.93]
      3 0.79[0.55,1.00] 0.76[0.52,0.95] 0.71[0.52,0.90] 0.67[0.38,0.90] 0.67[0.38,0.90]
      5 0.79[0.55,0.98] 0.76[0.52,0.95] 0.76[0.57,0.93] 0.69[0.40,0.93] 0.69[0.40,0.93]
      7 0.64[0.40,0.88] 0.71[0.43,0.95] 0.79[0.60,0.95] 0.69[0.40,0.93] 0.69[0.40,0.93]
     10 0.79[0.60,0.95] 0.79[0.57,0.98] 0.74[0.52,0.93] 0.67[0.38,0.90] 0.67[0.38,0.90]
     14 0.79[0.55,0.95] 0.76[0.48,0.98] 0.76[0.57,0.93] 0.69[0.40,0.93] 0.69[0.40,0.93]

  ### MEDIUM
   days      llm_direct       llm_nomem          fusion   classical_C3g    classical_C1
      1 0.76[0.48,0.95] 0.76[0.48,0.95] 0.76[0.48,0.95] 0.50[0.19,0.86] 0.50[0.19,0.86]
      2 0.74[0.45,0.95] 0.79[0.55,0.95] 0.76[0.52,0.95] 0.52[0.21,0.86] 0.52[0.21,0.86]
      3 0.62[0.36,0.88] 0.81[0.62,0.95] 0.64[0.38,0.90] 0.52[0.21,0.86] 0.52[0.21,0.86]
      5 0.81[0.52,1.00] 0.83[0.69,0.95] 0.67[0.38,0.93] 0.76[0.48,0.95] 0.50[0.19,0.86]
      7 0.76[0.43,1.00] 0.79[0.60,0.95] 0.76[0.43,1.00] 0.64[0.29,0.95] 0.48[0.14,0.83]
     10 0.71[0.52,0.90] 0.83[0.69,0.95] 0.71[0.43,0.95] 0.62[0.29,0.93] 0.57[0.26,0.86]
     14 0.71[0.48,0.93] 0.79[0.64,0.93] 0.79[0.55,0.95] 0.76[0.52,0.95] 0.57[0.26,0.86]

  ### FREQUENT
   days      llm_direct       llm_nomem          fusion   classical_C3g    classical_C1
      1 0.57[0.50,0.64] 0.57[0.33,0.79] 0.60[0.52,0.67] 0.43[0.14,0.71] 0.43[0.14,0.71]
      2 0.43[0.14,0.69] 0.57[0.29,0.86] 0.45[0.21,0.67] 0.60[0.29,0.88] 0.43[0.14,0.71]
      3 0.67[0.45,0.88] 0.52[0.29,0.76] 0.50[0.33,0.67] 0.57[0.26,0.86] 0.38[0.10,0.71]
      5 0.64[0.45,0.83] 0.55[0.33,0.76] 0.45[0.29,0.62] 0.67[0.45,0.88] 0.45[0.17,0.74]
      7 0.69[0.36,0.93] 0.50[0.26,0.76] 0.62[0.40,0.83] 0.64[0.33,0.93] 0.38[0.10,0.67]
     10 0.57[0.43,0.69] 0.55[0.36,0.76] 0.60[0.38,0.83] 0.71[0.43,0.95] 0.38[0.10,0.67]
     14 0.38[0.31,0.48] 0.43[0.19,0.69] 0.81[0.62,0.95] 0.69[0.38,0.95] 0.38[0.10,0.67]

  ### ALL
   days      llm_direct       llm_nomem          fusion   classical_C3g    classical_C1
      1 0.71[0.60,0.83] 0.69[0.54,0.83] 0.72[0.61,0.83] 0.51[0.31,0.71] 0.51[0.31,0.71]
      2 0.67[0.51,0.81] 0.71[0.56,0.84] 0.65[0.50,0.79] 0.62[0.45,0.79] 0.56[0.39,0.74]
      3 0.69[0.55,0.83] 0.70[0.56,0.83] 0.62[0.48,0.75] 0.59[0.41,0.77] 0.52[0.34,0.71]
      5 0.75[0.60,0.87] 0.71[0.58,0.84] 0.63[0.48,0.77] 0.71[0.56,0.84] 0.55[0.37,0.73]
      7 0.70[0.53,0.85] 0.67[0.51,0.82] 0.72[0.57,0.86] 0.66[0.48,0.83] 0.52[0.33,0.71]
     10 0.69[0.59,0.80] 0.72[0.60,0.84] 0.68[0.54,0.82] 0.67[0.48,0.83] 0.54[0.36,0.72]
     14 0.63[0.49,0.77] 0.66[0.51,0.81] 0.79[0.67,0.89] 0.71[0.56,0.86] 0.55[0.37,0.73]
wrote /data/oliver/robot/dynamic_home_eqa/reports/reflect/reflect_curves_deepseek.png and /data/oliver/robot/dynamic_home_eqa/reports/reflect/reflect_entropy_deepseek.png
