alpha sweep on DEV (210 queries, held-out accuracy):
  alpha=1:  fusion acc=0.281
  alpha=2:  fusion acc=0.295
  alpha=3:  fusion acc=0.281
  alpha=5:  fusion acc=0.281
  alpha=8:  fusion acc=0.271
  => FROZEN alpha* = 2

#### RECEPTACLE-level accuracy vs days of experience (confirmatory, clustered 95% CI) ####

  ### RARE
   days      llm_direct       llm_nomem          fusion   classical_C3g    classical_C1
      1 0.26[0.07,0.50] 0.31[0.10,0.55] 0.29[0.07,0.52] 0.00[0.00,0.00] 0.00[0.00,0.00]
      2 0.38[0.33,0.43] 0.26[0.10,0.45] 0.24[0.07,0.38] 0.00[0.00,0.00] 0.00[0.00,0.00]
      3 0.29[0.12,0.48] 0.21[0.05,0.40] 0.64[0.40,0.88] 0.05[0.00,0.14] 0.05[0.00,0.14]
      5 0.36[0.12,0.62] 0.33[0.12,0.57] 0.69[0.45,0.90] 0.36[0.12,0.62] 0.36[0.12,0.62]
      7 0.38[0.17,0.64] 0.60[0.43,0.79] 0.52[0.26,0.79] 0.52[0.24,0.79] 0.52[0.24,0.79]
     10 0.55[0.26,0.83] 0.57[0.38,0.79] 0.50[0.24,0.79] 0.50[0.24,0.79] 0.50[0.24,0.79]
     14 0.69[0.40,0.93] 0.55[0.33,0.79] 0.67[0.43,0.90] 0.50[0.24,0.79] 0.50[0.24,0.79]

  ### MEDIUM
   days      llm_direct       llm_nomem          fusion   classical_C3g    classical_C1
      1 0.52[0.24,0.81] 0.43[0.12,0.74] 0.48[0.19,0.76] 0.45[0.17,0.76] 0.45[0.17,0.76]
      2 0.60[0.36,0.81] 0.57[0.29,0.81] 0.52[0.29,0.76] 0.50[0.21,0.76] 0.50[0.21,0.76]
      3 0.55[0.29,0.79] 0.48[0.24,0.67] 0.36[0.14,0.57] 0.33[0.10,0.57] 0.33[0.10,0.57]
      5 0.52[0.36,0.67] 0.31[0.10,0.55] 0.29[0.10,0.50] 0.21[0.05,0.45] 0.21[0.05,0.45]
      7 0.55[0.26,0.79] 0.50[0.31,0.71] 0.38[0.10,0.67] 0.29[0.07,0.60] 0.29[0.07,0.60]
     10 0.52[0.26,0.76] 0.43[0.24,0.67] 0.40[0.19,0.69] 0.33[0.12,0.62] 0.33[0.12,0.62]
     14 0.74[0.60,0.90] 0.67[0.38,0.90] 0.45[0.19,0.74] 0.45[0.17,0.76] 0.45[0.17,0.76]

  ### FREQUENT
   days      llm_direct       llm_nomem          fusion   classical_C3g    classical_C1
      1 0.29[0.07,0.52] 0.17[0.05,0.31] 0.26[0.05,0.50] 0.10[0.00,0.19] 0.10[0.00,0.19]
      2 0.24[0.07,0.43] 0.17[0.02,0.33] 0.14[0.00,0.33] 0.05[0.00,0.14] 0.05[0.00,0.14]
      3 0.31[0.14,0.48] 0.07[0.00,0.17] 0.26[0.07,0.48] 0.07[0.00,0.17] 0.07[0.00,0.17]
      5 0.31[0.10,0.50] 0.21[0.05,0.40] 0.29[0.07,0.52] 0.29[0.02,0.62] 0.29[0.02,0.62]
      7 0.29[0.07,0.52] 0.17[0.02,0.36] 0.17[0.02,0.36] 0.17[0.02,0.33] 0.17[0.02,0.33]
     10 0.43[0.24,0.62] 0.14[0.02,0.29] 0.14[0.05,0.24] 0.12[0.02,0.24] 0.12[0.02,0.24]
     14 0.45[0.19,0.74] 0.14[0.02,0.29] 0.19[0.05,0.36] 0.12[0.00,0.31] 0.12[0.00,0.31]

  ### ALL
   days      llm_direct       llm_nomem          fusion   classical_C3g    classical_C1
      1 0.36[0.21,0.51] 0.30[0.16,0.45] 0.34[0.19,0.49] 0.18[0.06,0.33] 0.18[0.06,0.33]
      2 0.40[0.28,0.53] 0.33[0.19,0.48] 0.30[0.17,0.44] 0.18[0.06,0.33] 0.18[0.06,0.33]
      3 0.38[0.25,0.52] 0.25[0.13,0.38] 0.42[0.28,0.58] 0.15[0.06,0.26] 0.15[0.06,0.26]
      5 0.40[0.27,0.52] 0.29[0.16,0.40] 0.42[0.28,0.57] 0.29[0.14,0.43] 0.29[0.14,0.43]
      7 0.40[0.25,0.56] 0.42[0.29,0.56] 0.36[0.20,0.52] 0.33[0.18,0.48] 0.33[0.18,0.48]
     10 0.50[0.35,0.64] 0.38[0.25,0.52] 0.35[0.21,0.51] 0.32[0.18,0.47] 0.32[0.18,0.47]
     14 0.63[0.47,0.77] 0.45[0.29,0.62] 0.44[0.28,0.60] 0.36[0.19,0.52] 0.36[0.19,0.52]

#### ROOM-level accuracy vs days of experience (confirmatory, clustered 95% CI) ####

  ### RARE
   days      llm_direct       llm_nomem          fusion   classical_C3g    classical_C1
      1 0.76[0.52,0.95] 0.62[0.52,0.69] 0.79[0.60,0.95] 0.00[0.00,0.00] 0.00[0.00,0.00]
      2 0.71[0.52,0.90] 0.64[0.50,0.81] 0.71[0.52,0.90] 0.00[0.00,0.00] 0.00[0.00,0.00]
      3 0.74[0.50,0.95] 0.67[0.45,0.86] 0.67[0.40,0.90] 0.05[0.00,0.14] 0.05[0.00,0.14]
      5 0.71[0.48,0.93] 0.60[0.40,0.81] 0.71[0.45,0.93] 0.38[0.12,0.67] 0.38[0.12,0.67]
      7 0.67[0.40,0.90] 0.69[0.45,0.90] 0.71[0.45,0.93] 0.55[0.26,0.83] 0.55[0.26,0.83]
     10 0.88[0.76,0.98] 0.60[0.38,0.81] 0.69[0.45,0.90] 0.52[0.24,0.81] 0.52[0.24,0.81]
     14 0.88[0.74,1.00] 0.60[0.38,0.81] 0.69[0.45,0.90] 0.52[0.24,0.81] 0.52[0.24,0.81]

  ### MEDIUM
   days      llm_direct       llm_nomem          fusion   classical_C3g    classical_C1
      1 0.74[0.40,0.95] 0.62[0.33,0.90] 0.67[0.33,0.95] 0.50[0.17,0.83] 0.50[0.17,0.83]
      2 0.79[0.55,0.95] 0.74[0.55,0.90] 0.71[0.48,0.95] 0.55[0.24,0.83] 0.55[0.24,0.83]
      3 0.76[0.52,0.95] 0.74[0.55,0.90] 0.64[0.40,0.88] 0.55[0.24,0.83] 0.55[0.24,0.83]
      5 0.81[0.62,0.95] 0.67[0.43,0.88] 0.57[0.29,0.86] 0.50[0.17,0.83] 0.50[0.17,0.83]
      7 0.79[0.64,0.93] 0.69[0.43,0.90] 0.64[0.31,0.93] 0.40[0.07,0.76] 0.40[0.07,0.76]
     10 0.81[0.64,0.95] 0.57[0.31,0.83] 0.69[0.43,0.93] 0.45[0.14,0.76] 0.45[0.14,0.76]
     14 0.79[0.64,0.93] 0.71[0.40,0.95] 0.50[0.19,0.81] 0.50[0.17,0.83] 0.50[0.17,0.83]

  ### FREQUENT
   days      llm_direct       llm_nomem          fusion   classical_C3g    classical_C1
      1 0.33[0.12,0.55] 0.17[0.05,0.31] 0.26[0.05,0.50] 0.10[0.00,0.19] 0.10[0.00,0.19]
      2 0.24[0.07,0.43] 0.17[0.02,0.33] 0.14[0.00,0.33] 0.05[0.00,0.14] 0.05[0.00,0.14]
      3 0.31[0.14,0.48] 0.10[0.02,0.19] 0.26[0.07,0.48] 0.07[0.00,0.17] 0.07[0.00,0.17]
      5 0.33[0.12,0.55] 0.24[0.05,0.43] 0.31[0.07,0.57] 0.31[0.02,0.64] 0.31[0.02,0.64]
      7 0.29[0.07,0.52] 0.19[0.02,0.40] 0.19[0.02,0.40] 0.19[0.02,0.40] 0.19[0.02,0.40]
     10 0.45[0.29,0.62] 0.14[0.02,0.29] 0.14[0.05,0.24] 0.12[0.02,0.24] 0.12[0.02,0.24]
     14 0.45[0.19,0.74] 0.17[0.02,0.36] 0.21[0.05,0.43] 0.14[0.00,0.38] 0.14[0.00,0.38]

  ### ALL
   days      llm_direct       llm_nomem          fusion   classical_C3g    classical_C1
      1 0.61[0.44,0.78] 0.47[0.32,0.62] 0.57[0.39,0.75] 0.20[0.06,0.37] 0.20[0.06,0.37]
      2 0.58[0.40,0.75] 0.52[0.36,0.67] 0.52[0.34,0.71] 0.20[0.06,0.37] 0.20[0.06,0.37]
      3 0.60[0.44,0.75] 0.50[0.33,0.67] 0.52[0.37,0.69] 0.22[0.08,0.38] 0.22[0.08,0.38]
      5 0.62[0.46,0.78] 0.50[0.36,0.65] 0.53[0.37,0.69] 0.40[0.21,0.59] 0.40[0.21,0.59]
      7 0.58[0.41,0.74] 0.52[0.36,0.70] 0.52[0.33,0.70] 0.38[0.21,0.56] 0.38[0.21,0.56]
     10 0.71[0.59,0.83] 0.44[0.28,0.60] 0.51[0.33,0.68] 0.37[0.21,0.54] 0.37[0.21,0.54]
     14 0.71[0.55,0.84] 0.49[0.32,0.67] 0.47[0.29,0.65] 0.39[0.21,0.57] 0.39[0.21,0.57]
wrote /data/oliver/robot/dynamic_home_eqa/reports/reflect/reflect_curves_deepseek_o3.png and /data/oliver/robot/dynamic_home_eqa/reports/reflect/reflect_entropy_deepseek_o3.png
