alpha sweep on DEV (252 queries, held-out accuracy):
  alpha=1:  fusion acc=0.163
  alpha=2:  fusion acc=0.194
  alpha=3:  fusion acc=0.206
  alpha=5:  fusion acc=0.210
  alpha=8:  fusion acc=0.206
  => FROZEN alpha* = 5

#### RECEPTACLE-level accuracy vs days of experience (confirmatory, clustered 95% CI) ####

  ### RARE
   days      llm_direct       llm_nomem          fusion   classical_C3g    classical_C1
      1 0.25[0.11,0.41] 0.13[0.02,0.27] 0.14[0.04,0.28] 0.01[0.00,0.02] 0.01[0.00,0.02]
      2 0.25[0.11,0.42] 0.16[0.05,0.29] 0.16[0.04,0.30] 0.01[0.00,0.02] 0.01[0.00,0.02]
      3 0.09[0.03,0.15] 0.12[0.04,0.23] 0.06[0.02,0.13] 0.02[0.00,0.04] 0.02[0.00,0.04]
      5 0.21[0.08,0.36] 0.21[0.08,0.37] 0.25[0.10,0.40] 0.12[0.02,0.25] 0.12[0.02,0.25]
      7 0.24[0.11,0.38] 0.23[0.10,0.39] 0.22[0.10,0.37] 0.12[0.02,0.26] 0.12[0.02,0.26]
     10 0.23[0.08,0.40] 0.20[0.07,0.34] 0.22[0.07,0.39] 0.12[0.02,0.26] 0.12[0.02,0.26]
     14 0.20[0.09,0.33] 0.13[0.04,0.25] 0.21[0.09,0.35] 0.16[0.02,0.32] 0.16[0.02,0.32]

  ### MEDIUM
   days      llm_direct       llm_nomem          fusion   classical_C3g    classical_C1
      1 0.09[0.00,0.18] 0.04[0.00,0.07] 0.16[0.05,0.30] 0.02[0.00,0.05] 0.02[0.00,0.05]
      2 0.16[0.04,0.34] 0.12[0.00,0.34] 0.29[0.07,0.54] 0.12[0.00,0.34] 0.12[0.00,0.34]
      3 0.30[0.07,0.59] 0.41[0.12,0.68] 0.45[0.20,0.70] 0.38[0.11,0.68] 0.38[0.11,0.68]
      5 0.34[0.11,0.61] 0.59[0.32,0.82] 0.50[0.25,0.77] 0.54[0.23,0.84] 0.54[0.23,0.84]
      7 0.36[0.12,0.61] 0.32[0.09,0.61] 0.38[0.11,0.66] 0.41[0.12,0.73] 0.41[0.12,0.73]
     10 0.46[0.20,0.73] 0.43[0.16,0.70] 0.34[0.11,0.57] 0.25[0.04,0.54] 0.25[0.04,0.54]
     14 0.21[0.07,0.36] 0.41[0.11,0.71] 0.52[0.21,0.79] 0.50[0.21,0.77] 0.50[0.21,0.77]

  ### FREQUENT
   days      llm_direct       llm_nomem          fusion   classical_C3g    classical_C1
      1 0.07[0.00,0.19] 0.13[0.00,0.33] 0.09[0.01,0.19] 0.10[0.00,0.30] 0.10[0.00,0.30]
      2 0.17[0.00,0.40] 0.09[0.00,0.26] 0.20[0.01,0.43] 0.10[0.00,0.30] 0.10[0.00,0.30]
      3 0.37[0.17,0.59] 0.17[0.01,0.36] 0.30[0.11,0.51] 0.21[0.00,0.50] 0.21[0.00,0.50]
      5 0.20[0.06,0.36] 0.27[0.06,0.50] 0.34[0.16,0.53] 0.34[0.07,0.61] 0.34[0.07,0.61]
      7 0.36[0.14,0.57] 0.17[0.00,0.39] 0.40[0.14,0.66] 0.24[0.00,0.49] 0.24[0.00,0.49]
     10 0.21[0.06,0.39] 0.21[0.00,0.46] 0.26[0.07,0.49] 0.19[0.00,0.41] 0.19[0.00,0.41]
     14 0.24[0.07,0.44] 0.26[0.04,0.49] 0.19[0.03,0.36] 0.31[0.06,0.61] 0.31[0.06,0.61]

  ### ALL
   days      llm_direct       llm_nomem          fusion   classical_C3g    classical_C1
      1 0.16[0.09,0.25] 0.11[0.04,0.20] 0.13[0.07,0.21] 0.04[0.00,0.10] 0.04[0.00,0.10]
      2 0.21[0.11,0.32] 0.13[0.06,0.22] 0.20[0.10,0.31] 0.06[0.00,0.14] 0.06[0.00,0.14]
      3 0.21[0.13,0.32] 0.20[0.11,0.30] 0.21[0.12,0.32] 0.15[0.05,0.27] 0.15[0.05,0.27]
      5 0.23[0.14,0.34] 0.31[0.20,0.44] 0.33[0.23,0.44] 0.27[0.15,0.41] 0.27[0.15,0.41]
      7 0.30[0.19,0.41] 0.23[0.13,0.35] 0.31[0.19,0.43] 0.22[0.11,0.34] 0.22[0.11,0.34]
     10 0.28[0.16,0.40] 0.25[0.14,0.37] 0.26[0.15,0.38] 0.17[0.07,0.28] 0.17[0.07,0.28]
     14 0.21[0.13,0.30] 0.23[0.12,0.35] 0.27[0.17,0.39] 0.28[0.15,0.42] 0.28[0.15,0.42]

#### ROOM-level accuracy vs days of experience (confirmatory, clustered 95% CI) ####

  ### RARE
   days      llm_direct       llm_nomem          fusion   classical_C3g    classical_C1
      1 0.40[0.23,0.59] 0.28[0.12,0.45] 0.37[0.19,0.56] 0.13[0.01,0.29] 0.13[0.01,0.29]
      2 0.41[0.23,0.60] 0.29[0.13,0.46] 0.37[0.20,0.56] 0.13[0.01,0.29] 0.13[0.01,0.29]
      3 0.31[0.16,0.48] 0.22[0.10,0.37] 0.33[0.17,0.51] 0.13[0.02,0.30] 0.13[0.02,0.30]
      5 0.38[0.21,0.58] 0.33[0.15,0.52] 0.43[0.23,0.64] 0.29[0.11,0.49] 0.29[0.11,0.49]
      7 0.33[0.17,0.52] 0.32[0.14,0.51] 0.36[0.18,0.55] 0.29[0.11,0.49] 0.29[0.11,0.49]
     10 0.51[0.31,0.71] 0.28[0.13,0.44] 0.51[0.33,0.68] 0.29[0.11,0.49] 0.29[0.11,0.49]
     14 0.43[0.25,0.62] 0.24[0.10,0.40] 0.49[0.30,0.67] 0.33[0.14,0.54] 0.33[0.14,0.54]

  ### MEDIUM
   days      llm_direct       llm_nomem          fusion   classical_C3g    classical_C1
      1 0.34[0.09,0.61] 0.32[0.05,0.62] 0.39[0.12,0.68] 0.38[0.12,0.75] 0.38[0.12,0.75]
      2 0.48[0.16,0.80] 0.43[0.12,0.73] 0.50[0.16,0.84] 0.48[0.12,0.84] 0.48[0.12,0.84]
      3 0.45[0.14,0.75] 0.55[0.23,0.84] 0.68[0.39,0.91] 0.61[0.25,0.88] 0.61[0.25,0.88]
      5 0.52[0.23,0.79] 0.64[0.34,0.89] 0.71[0.45,0.95] 0.73[0.44,0.98] 0.73[0.44,0.98]
      7 0.62[0.29,0.95] 0.45[0.16,0.73] 0.59[0.23,0.88] 0.61[0.25,0.88] 0.61[0.25,0.88]
     10 0.64[0.38,0.88] 0.46[0.18,0.75] 0.62[0.29,0.89] 0.48[0.12,0.82] 0.48[0.12,0.82]
     14 0.38[0.12,0.68] 0.41[0.11,0.71] 0.61[0.25,0.88] 0.57[0.25,0.86] 0.57[0.25,0.86]

  ### FREQUENT
   days      llm_direct       llm_nomem          fusion   classical_C3g    classical_C1
      1 0.26[0.06,0.50] 0.21[0.03,0.47] 0.27[0.07,0.53] 0.10[0.00,0.30] 0.10[0.00,0.30]
      2 0.31[0.09,0.57] 0.23[0.03,0.49] 0.33[0.10,0.60] 0.20[0.00,0.50] 0.20[0.00,0.50]
      3 0.54[0.31,0.76] 0.30[0.10,0.54] 0.53[0.30,0.74] 0.31[0.10,0.61] 0.31[0.10,0.61]
      5 0.33[0.16,0.54] 0.40[0.17,0.66] 0.47[0.29,0.66] 0.47[0.20,0.74] 0.47[0.20,0.74]
      7 0.49[0.27,0.70] 0.30[0.09,0.56] 0.53[0.29,0.76] 0.37[0.13,0.61] 0.37[0.13,0.61]
     10 0.33[0.11,0.56] 0.34[0.10,0.61] 0.37[0.14,0.61] 0.31[0.09,0.57] 0.31[0.09,0.57]
     14 0.40[0.19,0.61] 0.36[0.14,0.59] 0.37[0.17,0.60] 0.47[0.20,0.74] 0.47[0.20,0.74]

  ### ALL
   days      llm_direct       llm_nomem          fusion   classical_C3g    classical_C1
      1 0.35[0.23,0.48] 0.27[0.15,0.39] 0.35[0.22,0.48] 0.17[0.06,0.31] 0.17[0.06,0.31]
      2 0.40[0.26,0.54] 0.31[0.19,0.43] 0.39[0.25,0.53] 0.23[0.10,0.37] 0.23[0.10,0.37]
      3 0.40[0.28,0.54] 0.32[0.21,0.44] 0.46[0.34,0.60] 0.29[0.15,0.44] 0.29[0.15,0.44]
      5 0.40[0.27,0.53] 0.42[0.29,0.55] 0.50[0.37,0.64] 0.44[0.29,0.60] 0.44[0.29,0.60]
      7 0.44[0.31,0.57] 0.34[0.22,0.47] 0.46[0.32,0.60] 0.38[0.23,0.53] 0.38[0.23,0.53]
     10 0.49[0.35,0.62] 0.34[0.21,0.46] 0.50[0.37,0.63] 0.34[0.19,0.48] 0.34[0.19,0.48]
     14 0.41[0.29,0.53] 0.31[0.19,0.43] 0.48[0.35,0.62] 0.42[0.27,0.58] 0.42[0.27,0.58]
wrote /data/oliver/robot/dynamic_home_eqa/reports/reflect/reflect_curves_distractor_d12.png and /data/oliver/robot/dynamic_home_eqa/reports/reflect/reflect_entropy_distractor_d12.png
