alpha sweep on DEV (210 queries, held-out accuracy):
  alpha=1:  fusion acc=0.295
  alpha=2:  fusion acc=0.295
  alpha=3:  fusion acc=0.290
  alpha=5:  fusion acc=0.300
  alpha=8:  fusion acc=0.314
  => FROZEN alpha* = 8

#### RECEPTACLE-level accuracy vs days of experience (confirmatory, clustered 95% CI) ####

  ### RARE
   days      llm_direct       llm_nomem          fusion   classical_C3g    classical_C1
      1 0.38[0.19,0.57] 0.24[0.05,0.48] 0.36[0.17,0.55] 0.00[0.00,0.00] 0.00[0.00,0.00]
      2 0.24[0.07,0.40] 0.29[0.07,0.52] 0.24[0.07,0.40] 0.00[0.00,0.00] 0.00[0.00,0.00]
      3 0.33[0.12,0.55] 0.19[0.05,0.36] 0.29[0.07,0.50] 0.02[0.00,0.07] 0.02[0.00,0.07]
      5 0.38[0.14,0.62] 0.38[0.17,0.62] 0.33[0.10,0.60] 0.33[0.10,0.60] 0.33[0.10,0.60]
      7 0.40[0.14,0.67] 0.36[0.12,0.62] 0.33[0.10,0.60] 0.33[0.10,0.60] 0.33[0.10,0.60]
     10 0.40[0.14,0.67] 0.26[0.05,0.52] 0.31[0.07,0.57] 0.31[0.07,0.57] 0.31[0.07,0.57]
     14 0.45[0.19,0.71] 0.26[0.05,0.52] 0.31[0.07,0.57] 0.31[0.07,0.57] 0.31[0.07,0.57]

  ### MEDIUM
   days      llm_direct       llm_nomem          fusion   classical_C3g    classical_C1
      1 0.55[0.31,0.79] 0.45[0.17,0.74] 0.55[0.33,0.76] 0.45[0.17,0.76] 0.45[0.17,0.76]
      2 0.50[0.21,0.79] 0.55[0.26,0.79] 0.50[0.21,0.76] 0.50[0.21,0.76] 0.50[0.21,0.76]
      3 0.67[0.38,0.90] 0.74[0.55,0.90] 0.74[0.55,0.90] 0.74[0.55,0.90] 0.74[0.55,0.90]
      5 0.74[0.50,0.93] 0.71[0.50,0.90] 0.55[0.29,0.79] 0.55[0.29,0.79] 0.55[0.29,0.79]
      7 0.74[0.50,0.93] 0.67[0.43,0.88] 0.69[0.50,0.88] 0.62[0.36,0.88] 0.62[0.36,0.88]
     10 0.76[0.52,0.95] 0.69[0.50,0.88] 0.71[0.50,0.90] 0.62[0.36,0.88] 0.62[0.36,0.88]
     14 0.74[0.50,0.93] 0.69[0.50,0.88] 0.69[0.50,0.88] 0.62[0.31,0.90] 0.62[0.31,0.90]

  ### FREQUENT
   days      llm_direct       llm_nomem          fusion   classical_C3g    classical_C1
      1 0.29[0.07,0.52] 0.31[0.07,0.60] 0.26[0.05,0.50] 0.05[0.00,0.14] 0.05[0.00,0.14]
      2 0.43[0.14,0.71] 0.38[0.12,0.67] 0.36[0.10,0.64] 0.26[0.05,0.60] 0.26[0.05,0.60]
      3 0.64[0.38,0.88] 0.36[0.14,0.64] 0.55[0.29,0.86] 0.31[0.10,0.60] 0.31[0.10,0.60]
      5 0.57[0.33,0.76] 0.36[0.14,0.64] 0.50[0.24,0.74] 0.31[0.07,0.60] 0.31[0.07,0.60]
      7 0.50[0.24,0.74] 0.19[0.10,0.31] 0.24[0.07,0.45] 0.12[0.02,0.24] 0.12[0.02,0.24]
     10 0.48[0.14,0.79] 0.43[0.19,0.69] 0.36[0.07,0.67] 0.29[0.07,0.60] 0.29[0.07,0.60]
     14 0.45[0.19,0.74] 0.43[0.10,0.76] 0.40[0.14,0.69] 0.29[0.07,0.60] 0.29[0.07,0.60]

  ### ALL
   days      llm_direct       llm_nomem          fusion   classical_C3g    classical_C1
      1 0.40[0.26,0.55] 0.33[0.18,0.49] 0.39[0.25,0.53] 0.17[0.04,0.32] 0.17[0.04,0.32]
      2 0.39[0.24,0.55] 0.40[0.25,0.56] 0.37[0.22,0.52] 0.25[0.10,0.43] 0.25[0.10,0.43]
      3 0.55[0.39,0.70] 0.43[0.28,0.59] 0.52[0.37,0.68] 0.36[0.19,0.53] 0.36[0.19,0.53]
      5 0.56[0.41,0.71] 0.48[0.33,0.63] 0.46[0.31,0.61] 0.40[0.24,0.56] 0.40[0.24,0.56]
      7 0.55[0.39,0.70] 0.40[0.25,0.56] 0.42[0.26,0.58] 0.36[0.21,0.51] 0.36[0.21,0.51]
     10 0.55[0.37,0.71] 0.46[0.31,0.62] 0.46[0.29,0.63] 0.40[0.25,0.56] 0.40[0.25,0.56]
     14 0.55[0.38,0.71] 0.46[0.29,0.63] 0.47[0.31,0.63] 0.40[0.24,0.58] 0.40[0.24,0.58]

#### ROOM-level accuracy vs days of experience (confirmatory, clustered 95% CI) ####

  ### RARE
   days      llm_direct       llm_nomem          fusion   classical_C3g    classical_C1
      1 0.76[0.60,0.93] 0.71[0.50,0.93] 0.69[0.48,0.88] 0.00[0.00,0.00] 0.00[0.00,0.00]
      2 0.69[0.40,0.93] 0.74[0.57,0.90] 0.69[0.40,0.93] 0.00[0.00,0.00] 0.00[0.00,0.00]
      3 0.81[0.64,0.95] 0.57[0.33,0.79] 0.74[0.45,0.95] 0.02[0.00,0.07] 0.02[0.00,0.07]
      5 0.74[0.50,0.93] 0.67[0.40,0.90] 0.69[0.40,0.93] 0.52[0.21,0.83] 0.52[0.21,0.83]
      7 0.76[0.57,0.93] 0.71[0.45,0.93] 0.69[0.40,0.93] 0.69[0.40,0.93] 0.69[0.40,0.93]
     10 0.76[0.57,0.93] 0.62[0.29,0.90] 0.67[0.38,0.90] 0.67[0.38,0.90] 0.67[0.38,0.90]
     14 0.81[0.64,0.95] 0.62[0.29,0.90] 0.67[0.38,0.90] 0.67[0.38,0.90] 0.67[0.38,0.90]

  ### MEDIUM
   days      llm_direct       llm_nomem          fusion   classical_C3g    classical_C1
      1 0.71[0.45,0.93] 0.62[0.31,0.88] 0.69[0.48,0.90] 0.50[0.17,0.83] 0.50[0.17,0.83]
      2 0.71[0.38,0.95] 0.71[0.50,0.90] 0.71[0.48,0.95] 0.55[0.24,0.83] 0.55[0.24,0.83]
      3 0.71[0.38,0.95] 0.79[0.55,0.95] 0.79[0.55,0.95] 0.79[0.55,0.95] 0.79[0.55,0.95]
      5 0.86[0.71,1.00] 0.83[0.69,0.95] 0.83[0.69,0.95] 0.83[0.69,0.95] 0.83[0.69,0.95]
      7 0.86[0.71,1.00] 0.81[0.64,0.95] 0.81[0.64,0.95] 0.74[0.45,0.95] 0.74[0.45,0.95]
     10 0.88[0.74,1.00] 0.81[0.64,0.95] 0.83[0.69,0.95] 0.74[0.45,0.95] 0.74[0.45,0.95]
     14 0.86[0.71,1.00] 0.81[0.64,0.95] 0.81[0.64,0.95] 0.74[0.40,0.95] 0.74[0.40,0.95]

  ### FREQUENT
   days      llm_direct       llm_nomem          fusion   classical_C3g    classical_C1
      1 0.31[0.10,0.55] 0.33[0.10,0.62] 0.26[0.05,0.50] 0.05[0.00,0.14] 0.05[0.00,0.14]
      2 0.45[0.17,0.74] 0.38[0.12,0.67] 0.36[0.10,0.64] 0.26[0.05,0.60] 0.26[0.05,0.60]
      3 0.67[0.43,0.88] 0.36[0.14,0.64] 0.55[0.29,0.86] 0.31[0.10,0.60] 0.31[0.10,0.60]
      5 0.57[0.33,0.76] 0.40[0.14,0.69] 0.50[0.24,0.74] 0.40[0.12,0.69] 0.40[0.12,0.69]
      7 0.52[0.26,0.76] 0.21[0.10,0.38] 0.26[0.07,0.48] 0.21[0.05,0.43] 0.21[0.05,0.43]
     10 0.48[0.14,0.79] 0.43[0.19,0.69] 0.36[0.07,0.67] 0.29[0.07,0.60] 0.29[0.07,0.60]
     14 0.45[0.19,0.74] 0.45[0.12,0.81] 0.40[0.14,0.69] 0.29[0.07,0.60] 0.29[0.07,0.60]

  ### ALL
   days      llm_direct       llm_nomem          fusion   classical_C3g    classical_C1
      1 0.60[0.44,0.75] 0.56[0.37,0.72] 0.55[0.39,0.71] 0.18[0.04,0.35] 0.18[0.04,0.35]
      2 0.62[0.44,0.79] 0.61[0.46,0.75] 0.59[0.41,0.77] 0.27[0.10,0.45] 0.27[0.10,0.45]
      3 0.73[0.59,0.87] 0.57[0.41,0.73] 0.69[0.54,0.84] 0.37[0.20,0.56] 0.37[0.20,0.56]
      5 0.72[0.58,0.85] 0.63[0.48,0.79] 0.67[0.52,0.82] 0.59[0.40,0.75] 0.59[0.40,0.75]
      7 0.71[0.57,0.85] 0.58[0.42,0.74] 0.59[0.42,0.75] 0.55[0.37,0.71] 0.55[0.37,0.71]
     10 0.71[0.55,0.87] 0.62[0.45,0.79] 0.62[0.44,0.79] 0.56[0.38,0.74] 0.56[0.38,0.74]
     14 0.71[0.56,0.85] 0.63[0.44,0.81] 0.63[0.47,0.79] 0.56[0.38,0.75] 0.56[0.38,0.75]
wrote /data/oliver/robot/dynamic_home_eqa/reports/reflect/reflect_curves_deepseek_orand3.png and /data/oliver/robot/dynamic_home_eqa/reports/reflect/reflect_entropy_deepseek_orand3.png
