alpha sweep on DEV (252 queries, held-out accuracy):
  alpha=1:  fusion acc=0.222
  alpha=2:  fusion acc=0.250
  alpha=3:  fusion acc=0.278
  alpha=5:  fusion acc=0.290
  alpha=8:  fusion acc=0.333
  => FROZEN alpha* = 8

#### RECEPTACLE-level accuracy vs days of experience (confirmatory, clustered 95% CI) ####

  ### RARE
   days      llm_direct       llm_nomem          fusion   classical_C3g    classical_C1
      1 0.18[0.03,0.36] 0.10[0.02,0.21] 0.17[0.03,0.34] 0.01[0.00,0.02] 0.01[0.00,0.02]
      2 0.22[0.07,0.40] 0.13[0.01,0.28] 0.17[0.04,0.33] 0.01[0.00,0.02] 0.01[0.00,0.02]
      3 0.11[0.04,0.19] 0.11[0.03,0.21] 0.10[0.02,0.17] 0.02[0.00,0.04] 0.02[0.00,0.04]
      5 0.31[0.16,0.48] 0.17[0.05,0.33] 0.29[0.13,0.46] 0.12[0.02,0.25] 0.12[0.02,0.25]
      7 0.37[0.19,0.57] 0.13[0.03,0.24] 0.21[0.09,0.35] 0.12[0.02,0.26] 0.12[0.02,0.26]
     10 0.37[0.19,0.57] 0.13[0.03,0.26] 0.32[0.17,0.48] 0.12[0.02,0.26] 0.12[0.02,0.26]
     14 0.44[0.25,0.63] 0.14[0.05,0.25] 0.38[0.21,0.57] 0.16[0.02,0.32] 0.16[0.02,0.32]

  ### MEDIUM
   days      llm_direct       llm_nomem          fusion   classical_C3g    classical_C1
      1 0.07[0.00,0.20] 0.11[0.00,0.25] 0.09[0.00,0.25] 0.02[0.00,0.05] 0.02[0.00,0.05]
      2 0.09[0.04,0.16] 0.18[0.02,0.39] 0.20[0.05,0.41] 0.12[0.00,0.34] 0.12[0.00,0.34]
      3 0.36[0.09,0.64] 0.41[0.16,0.68] 0.46[0.18,0.73] 0.38[0.11,0.68] 0.38[0.11,0.68]
      5 0.61[0.34,0.86] 0.57[0.34,0.79] 0.61[0.32,0.86] 0.54[0.23,0.84] 0.54[0.23,0.84]
      7 0.54[0.30,0.77] 0.43[0.20,0.68] 0.45[0.20,0.71] 0.41[0.12,0.73] 0.41[0.12,0.73]
     10 0.59[0.32,0.84] 0.55[0.29,0.80] 0.43[0.18,0.68] 0.25[0.04,0.54] 0.25[0.04,0.54]
     14 0.52[0.25,0.77] 0.54[0.29,0.77] 0.59[0.32,0.82] 0.50[0.21,0.77] 0.50[0.21,0.77]

  ### FREQUENT
   days      llm_direct       llm_nomem          fusion   classical_C3g    classical_C1
      1 0.11[0.00,0.29] 0.24[0.07,0.46] 0.19[0.03,0.40] 0.10[0.00,0.30] 0.10[0.00,0.30]
      2 0.03[0.00,0.07] 0.16[0.00,0.37] 0.03[0.00,0.07] 0.10[0.00,0.30] 0.10[0.00,0.30]
      3 0.34[0.13,0.59] 0.26[0.07,0.47] 0.29[0.09,0.51] 0.21[0.00,0.50] 0.21[0.00,0.50]
      5 0.21[0.07,0.39] 0.43[0.19,0.69] 0.29[0.10,0.47] 0.34[0.07,0.61] 0.34[0.07,0.61]
      7 0.19[0.09,0.30] 0.30[0.11,0.50] 0.31[0.10,0.53] 0.24[0.00,0.49] 0.24[0.00,0.49]
     10 0.13[0.04,0.24] 0.49[0.23,0.73] 0.14[0.04,0.30] 0.19[0.00,0.41] 0.19[0.00,0.41]
     14 0.30[0.11,0.50] 0.53[0.29,0.77] 0.24[0.07,0.44] 0.31[0.06,0.61] 0.31[0.06,0.61]

  ### ALL
   days      llm_direct       llm_nomem          fusion   classical_C3g    classical_C1
      1 0.14[0.05,0.25] 0.14[0.07,0.23] 0.16[0.07,0.27] 0.04[0.00,0.10] 0.04[0.00,0.10]
      2 0.14[0.06,0.23] 0.15[0.06,0.25] 0.14[0.06,0.23] 0.06[0.00,0.14] 0.06[0.00,0.14]
      3 0.23[0.13,0.35] 0.22[0.13,0.33] 0.23[0.13,0.35] 0.15[0.05,0.27] 0.15[0.05,0.27]
      5 0.35[0.23,0.47] 0.33[0.22,0.46] 0.36[0.25,0.48] 0.27[0.15,0.41] 0.27[0.15,0.41]
      7 0.36[0.24,0.48] 0.24[0.15,0.35] 0.29[0.19,0.40] 0.22[0.11,0.34] 0.22[0.11,0.34]
     10 0.35[0.23,0.48] 0.33[0.21,0.45] 0.29[0.19,0.40] 0.17[0.07,0.28] 0.17[0.07,0.28]
     14 0.42[0.29,0.55] 0.34[0.23,0.46] 0.39[0.27,0.51] 0.28[0.15,0.42] 0.28[0.15,0.42]

#### ROOM-level accuracy vs days of experience (confirmatory, clustered 95% CI) ####

  ### RARE
   days      llm_direct       llm_nomem          fusion   classical_C3g    classical_C1
      1 0.37[0.17,0.57] 0.27[0.11,0.44] 0.34[0.15,0.56] 0.13[0.01,0.29] 0.13[0.01,0.29]
      2 0.37[0.18,0.56] 0.29[0.13,0.48] 0.34[0.16,0.54] 0.13[0.01,0.29] 0.13[0.01,0.29]
      3 0.40[0.21,0.60] 0.23[0.10,0.37] 0.38[0.20,0.58] 0.13[0.02,0.30] 0.13[0.02,0.30]
      5 0.50[0.31,0.69] 0.34[0.17,0.52] 0.49[0.31,0.68] 0.29[0.11,0.49] 0.29[0.11,0.49]
      7 0.48[0.29,0.68] 0.29[0.13,0.46] 0.44[0.26,0.60] 0.29[0.11,0.49] 0.29[0.11,0.49]
     10 0.48[0.29,0.68] 0.29[0.13,0.46] 0.48[0.29,0.67] 0.29[0.11,0.49] 0.29[0.11,0.49]
     14 0.50[0.29,0.70] 0.31[0.15,0.48] 0.48[0.29,0.68] 0.33[0.14,0.54] 0.33[0.14,0.54]

  ### MEDIUM
   days      llm_direct       llm_nomem          fusion   classical_C3g    classical_C1
      1 0.32[0.05,0.62] 0.48[0.23,0.73] 0.32[0.07,0.61] 0.38[0.12,0.75] 0.38[0.12,0.75]
      2 0.48[0.20,0.77] 0.52[0.21,0.79] 0.54[0.25,0.82] 0.48[0.12,0.84] 0.48[0.12,0.84]
      3 0.59[0.29,0.89] 0.59[0.30,0.86] 0.66[0.38,0.91] 0.61[0.25,0.88] 0.61[0.25,0.88]
      5 0.84[0.61,0.98] 0.70[0.45,0.91] 0.84[0.59,0.98] 0.73[0.44,0.98] 0.73[0.44,0.98]
      7 0.68[0.38,0.93] 0.57[0.29,0.86] 0.68[0.38,0.95] 0.61[0.25,0.88] 0.61[0.25,0.88]
     10 0.82[0.61,0.96] 0.70[0.41,0.95] 0.70[0.38,0.96] 0.48[0.12,0.82] 0.48[0.12,0.82]
     14 0.70[0.45,0.89] 0.68[0.39,0.93] 0.68[0.38,0.95] 0.57[0.25,0.86] 0.57[0.25,0.86]

  ### FREQUENT
   days      llm_direct       llm_nomem          fusion   classical_C3g    classical_C1
      1 0.29[0.06,0.56] 0.33[0.10,0.59] 0.29[0.09,0.54] 0.10[0.00,0.30] 0.10[0.00,0.30]
      2 0.27[0.07,0.50] 0.29[0.06,0.54] 0.26[0.07,0.49] 0.20[0.00,0.50] 0.20[0.00,0.50]
      3 0.69[0.49,0.87] 0.37[0.14,0.63] 0.63[0.41,0.84] 0.31[0.10,0.61] 0.31[0.10,0.61]
      5 0.51[0.27,0.76] 0.56[0.33,0.80] 0.51[0.31,0.73] 0.47[0.20,0.74] 0.47[0.20,0.74]
      7 0.40[0.19,0.63] 0.41[0.20,0.63] 0.51[0.27,0.74] 0.37[0.13,0.61] 0.37[0.13,0.61]
     10 0.34[0.13,0.60] 0.60[0.36,0.81] 0.33[0.10,0.59] 0.31[0.09,0.57] 0.31[0.09,0.57]
     14 0.50[0.27,0.73] 0.64[0.40,0.87] 0.46[0.23,0.69] 0.47[0.20,0.74] 0.47[0.20,0.74]

  ### ALL
   days      llm_direct       llm_nomem          fusion   classical_C3g    classical_C1
      1 0.33[0.20,0.48] 0.33[0.21,0.46] 0.32[0.19,0.46] 0.17[0.06,0.31] 0.17[0.06,0.31]
      2 0.37[0.23,0.50] 0.34[0.22,0.47] 0.36[0.23,0.50] 0.23[0.10,0.37] 0.23[0.10,0.37]
      3 0.52[0.38,0.65] 0.35[0.23,0.48] 0.51[0.38,0.65] 0.29[0.15,0.44] 0.29[0.15,0.44]
      5 0.58[0.44,0.71] 0.48[0.35,0.62] 0.58[0.45,0.71] 0.44[0.29,0.60] 0.44[0.29,0.60]
      7 0.50[0.37,0.64] 0.39[0.27,0.52] 0.51[0.38,0.64] 0.38[0.23,0.53] 0.38[0.23,0.53]
     10 0.52[0.38,0.65] 0.46[0.33,0.60] 0.49[0.35,0.63] 0.34[0.19,0.48] 0.34[0.19,0.48]
     14 0.54[0.41,0.67] 0.48[0.36,0.62] 0.52[0.38,0.65] 0.42[0.27,0.58] 0.42[0.27,0.58]
wrote /data/oliver/robot/dynamic_home_eqa/reports/reflect/reflect_curves_distractor_d0.png and /data/oliver/robot/dynamic_home_eqa/reports/reflect/reflect_entropy_distractor_d0.png
