alpha sweep on DEV (210 queries, held-out accuracy):
  alpha=1:  fusion acc=0.286
  alpha=2:  fusion acc=0.290
  alpha=3:  fusion acc=0.329
  alpha=5:  fusion acc=0.319
  alpha=8:  fusion acc=0.310
  => FROZEN alpha* = 3

#### RECEPTACLE-level accuracy vs days of experience (confirmatory, clustered 95% CI) ####

  ### RARE
   days      llm_direct       llm_nomem          fusion   classical_C3g    classical_C1
      1 0.26[0.07,0.45] 0.24[0.07,0.40] 0.29[0.10,0.45] 0.10[0.00,0.29] 0.10[0.00,0.29]
      2 0.40[0.14,0.69] 0.21[0.05,0.40] 0.26[0.07,0.45] 0.24[0.07,0.43] 0.24[0.07,0.43]
      3 0.26[0.07,0.45] 0.24[0.07,0.38] 0.19[0.05,0.33] 0.19[0.05,0.33] 0.19[0.05,0.33]
      5 0.26[0.07,0.48] 0.40[0.17,0.67] 0.45[0.19,0.71] 0.45[0.19,0.71] 0.45[0.19,0.71]
      7 0.26[0.07,0.45] 0.40[0.24,0.57] 0.57[0.29,0.81] 0.57[0.29,0.81] 0.57[0.29,0.81]
     10 0.29[0.10,0.48] 0.33[0.14,0.52] 0.55[0.29,0.79] 0.62[0.45,0.81] 0.52[0.29,0.79]
     14 0.29[0.12,0.48] 0.43[0.26,0.62] 0.40[0.14,0.71] 0.48[0.29,0.71] 0.38[0.14,0.67]

  ### MEDIUM
   days      llm_direct       llm_nomem          fusion   classical_C3g    classical_C1
      1 0.45[0.19,0.74] 0.33[0.12,0.55] 0.55[0.26,0.81] 0.55[0.26,0.81] 0.55[0.26,0.81]
      2 0.29[0.05,0.52] 0.55[0.29,0.79] 0.33[0.10,0.57] 0.57[0.29,0.81] 0.57[0.29,0.81]
      3 0.36[0.19,0.55] 0.40[0.19,0.60] 0.64[0.43,0.86] 0.57[0.29,0.81] 0.57[0.29,0.81]
      5 0.33[0.07,0.64] 0.69[0.50,0.86] 0.69[0.48,0.90] 0.71[0.50,0.90] 0.71[0.50,0.90]
      7 0.31[0.14,0.50] 0.55[0.33,0.79] 0.29[0.10,0.48] 0.67[0.38,0.90] 0.67[0.38,0.90]
     10 0.33[0.10,0.57] 0.55[0.36,0.76] 0.71[0.50,0.90] 0.69[0.43,0.90] 0.69[0.43,0.90]
     14 0.26[0.07,0.45] 0.55[0.33,0.79] 0.69[0.45,0.90] 0.74[0.57,0.90] 0.69[0.43,0.90]

  ### FREQUENT
   days      llm_direct       llm_nomem          fusion   classical_C3g    classical_C1
      1 0.21[0.05,0.40] 0.29[0.07,0.52] 0.21[0.05,0.40] 0.19[0.05,0.38] 0.19[0.05,0.38]
      2 0.38[0.12,0.67] 0.52[0.24,0.79] 0.36[0.10,0.64] 0.48[0.14,0.81] 0.48[0.14,0.81]
      3 0.43[0.17,0.71] 0.24[0.07,0.43] 0.45[0.19,0.71] 0.52[0.19,0.86] 0.52[0.19,0.86]
      5 0.14[0.00,0.33] 0.38[0.26,0.50] 0.24[0.05,0.48] 0.36[0.10,0.69] 0.36[0.10,0.69]
      7 0.17[0.02,0.33] 0.36[0.14,0.57] 0.38[0.12,0.64] 0.55[0.33,0.79] 0.31[0.05,0.62]
     10 0.21[0.05,0.40] 0.26[0.07,0.45] 0.19[0.05,0.38] 0.33[0.07,0.67] 0.31[0.05,0.64]
     14 0.21[0.05,0.40] 0.33[0.14,0.52] 0.45[0.17,0.74] 0.48[0.14,0.81] 0.26[0.05,0.50]

  ### ALL
   days      llm_direct       llm_nomem          fusion   classical_C3g    classical_C1
      1 0.31[0.18,0.45] 0.29[0.17,0.40] 0.35[0.21,0.49] 0.28[0.13,0.44] 0.28[0.13,0.44]
      2 0.36[0.20,0.52] 0.43[0.28,0.58] 0.32[0.19,0.45] 0.43[0.26,0.60] 0.43[0.26,0.60]
      3 0.35[0.22,0.48] 0.29[0.18,0.40] 0.43[0.28,0.58] 0.43[0.26,0.60] 0.43[0.26,0.60]
      5 0.25[0.12,0.38] 0.49[0.37,0.62] 0.46[0.31,0.63] 0.51[0.34,0.67] 0.51[0.34,0.67]
      7 0.25[0.14,0.35] 0.44[0.31,0.56] 0.41[0.27,0.56] 0.60[0.44,0.74] 0.52[0.33,0.68]
     10 0.28[0.16,0.40] 0.38[0.25,0.51] 0.48[0.32,0.64] 0.55[0.39,0.70] 0.51[0.33,0.67]
     14 0.25[0.15,0.37] 0.44[0.33,0.56] 0.52[0.35,0.68] 0.56[0.41,0.71] 0.44[0.28,0.60]

#### ROOM-level accuracy vs days of experience (confirmatory, clustered 95% CI) ####

  ### RARE
   days      llm_direct       llm_nomem          fusion   classical_C3g    classical_C1
      1 0.74[0.52,0.93] 0.67[0.45,0.88] 0.74[0.52,0.93] 0.26[0.00,0.60] 0.26[0.00,0.60]
      2 0.88[0.76,0.98] 0.60[0.43,0.79] 0.74[0.52,0.93] 0.40[0.14,0.69] 0.40[0.14,0.69]
      3 0.74[0.52,0.93] 0.57[0.33,0.81] 0.67[0.38,0.90] 0.50[0.19,0.81] 0.50[0.19,0.81]
      5 0.67[0.48,0.86] 0.71[0.52,0.90] 0.76[0.57,0.93] 0.76[0.57,0.93] 0.76[0.57,0.93]
      7 0.74[0.52,0.93] 0.64[0.50,0.79] 0.76[0.57,0.93] 0.76[0.57,0.93] 0.76[0.57,0.93]
     10 0.76[0.57,0.93] 0.62[0.38,0.86] 0.74[0.52,0.93] 0.71[0.52,0.90] 0.71[0.52,0.90]
     14 0.71[0.43,0.93] 0.69[0.45,0.90] 0.71[0.43,0.93] 0.71[0.48,0.93] 0.69[0.40,0.93]

  ### MEDIUM
   days      llm_direct       llm_nomem          fusion   classical_C3g    classical_C1
      1 0.74[0.45,0.95] 0.48[0.19,0.76] 0.76[0.48,0.95] 0.60[0.26,0.90] 0.60[0.26,0.90]
      2 0.60[0.26,0.90] 0.69[0.38,0.93] 0.64[0.38,0.90] 0.62[0.33,0.90] 0.62[0.33,0.90]
      3 0.67[0.43,0.90] 0.50[0.29,0.67] 0.69[0.45,0.93] 0.62[0.33,0.90] 0.62[0.33,0.90]
      5 0.50[0.19,0.83] 0.81[0.69,0.93] 0.74[0.50,0.95] 0.76[0.52,0.95] 0.76[0.52,0.95]
      7 0.60[0.36,0.86] 0.69[0.45,0.90] 0.57[0.29,0.86] 0.71[0.40,0.95] 0.71[0.40,0.95]
     10 0.79[0.55,0.95] 0.69[0.45,0.90] 0.83[0.69,0.95] 0.74[0.45,0.95] 0.74[0.45,0.95]
     14 0.67[0.43,0.88] 0.67[0.43,0.90] 0.74[0.45,0.95] 0.79[0.60,0.95] 0.74[0.45,0.95]

  ### FREQUENT
   days      llm_direct       llm_nomem          fusion   classical_C3g    classical_C1
      1 0.38[0.14,0.62] 0.29[0.07,0.52] 0.24[0.05,0.48] 0.19[0.05,0.38] 0.19[0.05,0.38]
      2 0.43[0.14,0.71] 0.52[0.24,0.79] 0.36[0.10,0.64] 0.50[0.17,0.83] 0.50[0.17,0.83]
      3 0.50[0.19,0.79] 0.40[0.17,0.67] 0.48[0.21,0.74] 0.55[0.19,0.88] 0.55[0.19,0.88]
      5 0.36[0.10,0.64] 0.52[0.36,0.74] 0.38[0.10,0.71] 0.38[0.10,0.71] 0.38[0.10,0.71]
      7 0.48[0.24,0.71] 0.55[0.29,0.81] 0.57[0.29,0.83] 0.57[0.33,0.79] 0.33[0.05,0.67]
     10 0.43[0.14,0.71] 0.43[0.17,0.71] 0.19[0.05,0.38] 0.36[0.07,0.69] 0.33[0.05,0.67]
     14 0.40[0.14,0.67] 0.43[0.19,0.67] 0.50[0.19,0.81] 0.50[0.17,0.83] 0.29[0.05,0.52]

  ### ALL
   days      llm_direct       llm_nomem          fusion   classical_C3g    classical_C1
      1 0.62[0.45,0.78] 0.48[0.31,0.64] 0.58[0.40,0.75] 0.35[0.18,0.53] 0.35[0.18,0.53]
      2 0.63[0.45,0.81] 0.60[0.45,0.75] 0.58[0.41,0.75] 0.51[0.33,0.69] 0.51[0.33,0.69]
      3 0.63[0.48,0.79] 0.49[0.35,0.63] 0.61[0.45,0.78] 0.56[0.37,0.74] 0.56[0.37,0.74]
      5 0.51[0.34,0.67] 0.68[0.56,0.82] 0.63[0.46,0.79] 0.63[0.46,0.79] 0.63[0.46,0.79]
      7 0.60[0.45,0.75] 0.63[0.49,0.76] 0.63[0.48,0.79] 0.68[0.53,0.83] 0.60[0.42,0.78]
     10 0.66[0.49,0.81] 0.58[0.43,0.74] 0.59[0.41,0.75] 0.60[0.42,0.77] 0.60[0.41,0.76]
     14 0.60[0.44,0.76] 0.60[0.44,0.75] 0.65[0.48,0.81] 0.67[0.50,0.83] 0.57[0.39,0.74]
wrote /data/oliver/robot/dynamic_home_eqa/reports/reflect/reflect_curves_qwen36_orand10.png and /data/oliver/robot/dynamic_home_eqa/reports/reflect/reflect_entropy_qwen36_orand10.png
