alpha sweep on DEV (210 queries, held-out accuracy):
  alpha=1:  fusion acc=0.324
  alpha=2:  fusion acc=0.338
  alpha=3:  fusion acc=0.338
  alpha=5:  fusion acc=0.338
  alpha=8:  fusion acc=0.348
  => FROZEN alpha* = 8

#### RECEPTACLE-level accuracy vs days of experience (confirmatory, clustered 95% CI) ####

  ### RARE
   days      llm_direct       llm_nomem          fusion   classical_C3g    classical_C1
      1 0.36[0.12,0.57] 0.19[0.02,0.38] 0.36[0.12,0.57] 0.10[0.00,0.29] 0.10[0.00,0.29]
      2 0.29[0.10,0.48] 0.24[0.07,0.40] 0.26[0.07,0.45] 0.24[0.07,0.43] 0.24[0.07,0.43]
      3 0.36[0.12,0.60] 0.24[0.07,0.43] 0.31[0.12,0.52] 0.24[0.07,0.43] 0.24[0.07,0.43]
      5 0.36[0.12,0.60] 0.14[0.05,0.24] 0.29[0.10,0.48] 0.26[0.07,0.45] 0.26[0.07,0.45]
      7 0.43[0.12,0.76] 0.19[0.07,0.31] 0.74[0.55,0.90] 0.57[0.31,0.81] 0.57[0.31,0.81]
     10 0.40[0.12,0.71] 0.26[0.07,0.45] 0.43[0.19,0.69] 0.55[0.29,0.81] 0.55[0.29,0.81]
     14 0.62[0.29,0.90] 0.31[0.12,0.52] 0.52[0.21,0.81] 0.40[0.17,0.69] 0.40[0.17,0.69]

  ### MEDIUM
   days      llm_direct       llm_nomem          fusion   classical_C3g    classical_C1
      1 0.57[0.33,0.81] 0.55[0.26,0.81] 0.57[0.33,0.81] 0.55[0.26,0.81] 0.55[0.26,0.81]
      2 0.71[0.48,0.90] 0.69[0.48,0.90] 0.64[0.36,0.90] 0.48[0.19,0.76] 0.48[0.19,0.76]
      3 0.57[0.29,0.81] 0.67[0.43,0.86] 0.74[0.55,0.90] 0.57[0.29,0.81] 0.57[0.29,0.81]
      5 0.83[0.74,0.93] 0.81[0.71,0.90] 0.83[0.74,0.93] 0.45[0.17,0.76] 0.45[0.17,0.76]
      7 0.52[0.31,0.76] 0.69[0.55,0.86] 0.57[0.31,0.81] 0.45[0.17,0.76] 0.45[0.17,0.76]
     10 0.52[0.24,0.79] 0.50[0.29,0.64] 0.62[0.43,0.81] 0.64[0.48,0.81] 0.55[0.29,0.79]
     14 0.60[0.29,0.86] 0.60[0.45,0.69] 0.67[0.38,0.86] 0.81[0.69,0.93] 0.45[0.19,0.74]

  ### FREQUENT
   days      llm_direct       llm_nomem          fusion   classical_C3g    classical_C1
      1 0.24[0.07,0.43] 0.07[0.00,0.17] 0.12[0.00,0.26] 0.14[0.00,0.33] 0.14[0.00,0.33]
      2 0.29[0.10,0.45] 0.17[0.05,0.31] 0.17[0.02,0.33] 0.12[0.00,0.31] 0.12[0.00,0.31]
      3 0.45[0.24,0.67] 0.29[0.19,0.40] 0.26[0.12,0.43] 0.12[0.00,0.31] 0.12[0.00,0.31]
      5 0.60[0.43,0.79] 0.29[0.12,0.45] 0.60[0.43,0.79] 0.31[0.05,0.62] 0.31[0.05,0.62]
      7 0.31[0.17,0.43] 0.45[0.29,0.69] 0.33[0.17,0.45] 0.33[0.10,0.52] 0.31[0.05,0.62]
     10 0.31[0.14,0.45] 0.31[0.14,0.50] 0.31[0.14,0.45] 0.29[0.10,0.48] 0.31[0.05,0.62]
     14 0.26[0.07,0.48] 0.38[0.19,0.64] 0.31[0.10,0.50] 0.31[0.05,0.62] 0.31[0.05,0.62]

  ### ALL
   days      llm_direct       llm_nomem          fusion   classical_C3g    classical_C1
      1 0.39[0.25,0.53] 0.27[0.13,0.42] 0.35[0.20,0.50] 0.26[0.11,0.43] 0.26[0.11,0.43]
      2 0.43[0.28,0.58] 0.37[0.21,0.52] 0.36[0.21,0.51] 0.28[0.14,0.43] 0.28[0.14,0.43]
      3 0.46[0.31,0.61] 0.40[0.27,0.53] 0.44[0.29,0.58] 0.31[0.16,0.46] 0.31[0.16,0.46]
      5 0.60[0.46,0.73] 0.41[0.26,0.57] 0.57[0.44,0.71] 0.34[0.18,0.51] 0.34[0.18,0.51]
      7 0.42[0.27,0.57] 0.44[0.32,0.59] 0.55[0.40,0.68] 0.45[0.29,0.60] 0.44[0.27,0.61]
     10 0.41[0.26,0.56] 0.36[0.24,0.48] 0.45[0.33,0.59] 0.49[0.35,0.63] 0.47[0.30,0.63]
     14 0.49[0.33,0.66] 0.43[0.31,0.56] 0.50[0.34,0.66] 0.51[0.33,0.67] 0.39[0.22,0.56]

#### ROOM-level accuracy vs days of experience (confirmatory, clustered 95% CI) ####

  ### RARE
   days      llm_direct       llm_nomem          fusion   classical_C3g    classical_C1
      1 0.81[0.64,0.95] 0.50[0.33,0.67] 0.81[0.64,0.95] 0.10[0.00,0.29] 0.10[0.00,0.29]
      2 0.76[0.57,0.93] 0.55[0.40,0.69] 0.74[0.52,0.93] 0.24[0.07,0.43] 0.24[0.07,0.43]
      3 0.83[0.69,0.95] 0.43[0.33,0.52] 0.76[0.52,0.95] 0.24[0.07,0.43] 0.24[0.07,0.43]
      5 0.83[0.69,0.95] 0.55[0.33,0.81] 0.76[0.57,0.93] 0.43[0.17,0.71] 0.43[0.17,0.71]
      7 0.90[0.76,1.00] 0.60[0.36,0.86] 0.76[0.57,0.93] 0.60[0.31,0.86] 0.60[0.31,0.86]
     10 0.88[0.74,0.98] 0.69[0.50,0.90] 0.74[0.52,0.93] 0.57[0.29,0.83] 0.57[0.29,0.83]
     14 0.93[0.83,1.00] 0.76[0.52,0.95] 0.83[0.67,0.98] 0.71[0.48,0.93] 0.71[0.48,0.93]

  ### MEDIUM
   days      llm_direct       llm_nomem          fusion   classical_C3g    classical_C1
      1 0.76[0.48,0.95] 0.67[0.43,0.90] 0.76[0.48,0.95] 0.60[0.26,0.90] 0.60[0.26,0.90]
      2 0.79[0.55,0.95] 0.74[0.50,0.95] 0.69[0.40,0.95] 0.52[0.21,0.86] 0.52[0.21,0.86]
      3 0.79[0.55,0.95] 0.76[0.48,0.95] 0.79[0.55,0.95] 0.62[0.33,0.90] 0.62[0.33,0.90]
      5 0.90[0.81,0.98] 0.86[0.76,0.95] 0.88[0.79,0.98] 0.50[0.17,0.83] 0.50[0.17,0.83]
      7 0.67[0.45,0.88] 0.76[0.57,0.93] 0.62[0.33,0.88] 0.50[0.17,0.83] 0.50[0.17,0.83]
     10 0.81[0.62,0.98] 0.79[0.64,0.93] 0.83[0.69,0.98] 0.76[0.52,0.95] 0.60[0.29,0.88]
     14 0.71[0.40,0.93] 0.81[0.64,0.95] 0.71[0.40,0.93] 0.86[0.71,0.98] 0.50[0.19,0.83]

  ### FREQUENT
   days      llm_direct       llm_nomem          fusion   classical_C3g    classical_C1
      1 0.43[0.17,0.71] 0.24[0.02,0.55] 0.31[0.05,0.62] 0.33[0.05,0.67] 0.33[0.05,0.67]
      2 0.48[0.24,0.71] 0.21[0.10,0.33] 0.36[0.10,0.67] 0.14[0.00,0.38] 0.14[0.00,0.38]
      3 0.62[0.43,0.81] 0.45[0.26,0.69] 0.43[0.21,0.69] 0.31[0.02,0.64] 0.31[0.02,0.64]
      5 0.60[0.43,0.79] 0.36[0.12,0.64] 0.60[0.43,0.79] 0.33[0.05,0.67] 0.33[0.05,0.67]
      7 0.31[0.17,0.43] 0.50[0.33,0.74] 0.33[0.17,0.45] 0.38[0.12,0.62] 0.33[0.05,0.67]
     10 0.33[0.17,0.50] 0.38[0.17,0.64] 0.33[0.17,0.50] 0.31[0.10,0.52] 0.33[0.05,0.67]
     14 0.31[0.10,0.50] 0.38[0.19,0.64] 0.33[0.12,0.57] 0.33[0.05,0.67] 0.33[0.05,0.67]

  ### ALL
   days      llm_direct       llm_nomem          fusion   classical_C3g    classical_C1
      1 0.67[0.51,0.82] 0.47[0.31,0.63] 0.63[0.45,0.80] 0.34[0.16,0.53] 0.34[0.16,0.53]
      2 0.67[0.52,0.82] 0.50[0.36,0.64] 0.60[0.43,0.77] 0.30[0.15,0.48] 0.30[0.15,0.48]
      3 0.75[0.63,0.86] 0.55[0.41,0.68] 0.66[0.52,0.80] 0.39[0.21,0.56] 0.39[0.21,0.56]
      5 0.78[0.67,0.87] 0.59[0.43,0.75] 0.75[0.63,0.86] 0.42[0.23,0.61] 0.42[0.23,0.61]
      7 0.63[0.48,0.77] 0.62[0.48,0.76] 0.57[0.42,0.72] 0.49[0.33,0.65] 0.48[0.29,0.66]
     10 0.67[0.52,0.82] 0.62[0.48,0.76] 0.63[0.48,0.78] 0.55[0.37,0.71] 0.50[0.32,0.67]
     14 0.65[0.48,0.81] 0.65[0.51,0.80] 0.63[0.45,0.79] 0.63[0.45,0.79] 0.52[0.33,0.69]
wrote /data/oliver/robot/dynamic_home_eqa/reports/reflect/reflect_curves_deepseek_o10.png and /data/oliver/robot/dynamic_home_eqa/reports/reflect/reflect_entropy_deepseek_o10.png
