
#### RECEPTACLE-level accuracy vs days of experience (confirmatory, clustered 95% CI) ####

  ### RARE
   days      llm_direct       llm_nomem          fusion   classical_C3g    classical_C1
      1 0.11[0.00,0.25] 0.10[0.02,0.23] 0.11[0.00,0.25] 0.01[0.00,0.02] 0.01[0.00,0.02]
      2 0.12[0.00,0.26] 0.10[0.01,0.21] 0.17[0.03,0.33] 0.01[0.00,0.02] 0.01[0.00,0.02]
      3 0.17[0.05,0.31] 0.04[0.00,0.10] 0.17[0.05,0.31] 0.02[0.00,0.04] 0.02[0.00,0.04]
      5 0.28[0.10,0.48] 0.13[0.03,0.25] 0.28[0.10,0.48] 0.12[0.02,0.25] 0.12[0.02,0.25]
      7 0.30[0.13,0.48] 0.15[0.05,0.28] 0.29[0.13,0.46] 0.12[0.02,0.26] 0.12[0.02,0.26]
     10 0.32[0.16,0.48] 0.13[0.04,0.25] 0.32[0.14,0.50] 0.12[0.02,0.26] 0.12[0.02,0.26]
     14 0.37[0.20,0.54] 0.17[0.06,0.30] 0.37[0.20,0.56] 0.16[0.02,0.32] 0.16[0.02,0.32]

  ### MEDIUM
   days      llm_direct       llm_nomem          fusion   classical_C3g    classical_C1
      1 0.14[0.00,0.41] 0.05[0.02,0.11] 0.14[0.00,0.41] 0.02[0.00,0.05] 0.02[0.00,0.05]
      2 0.18[0.00,0.45] 0.12[0.00,0.34] 0.25[0.02,0.54] 0.12[0.00,0.34] 0.12[0.00,0.34]
      3 0.32[0.09,0.59] 0.38[0.12,0.64] 0.46[0.18,0.73] 0.38[0.11,0.68] 0.38[0.11,0.68]
      5 0.30[0.09,0.59] 0.38[0.12,0.64] 0.41[0.12,0.71] 0.54[0.23,0.84] 0.54[0.23,0.84]
      7 0.32[0.09,0.62] 0.27[0.04,0.57] 0.29[0.04,0.59] 0.41[0.12,0.73] 0.41[0.12,0.73]
     10 0.23[0.00,0.50] 0.30[0.05,0.59] 0.25[0.04,0.50] 0.25[0.04,0.54] 0.25[0.04,0.54]
     14 0.38[0.11,0.64] 0.36[0.07,0.68] 0.48[0.21,0.75] 0.50[0.21,0.77] 0.50[0.21,0.77]

  ### FREQUENT
   days      llm_direct       llm_nomem          fusion   classical_C3g    classical_C1
      1 0.10[0.00,0.30] 0.13[0.01,0.33] 0.10[0.00,0.30] 0.10[0.00,0.30] 0.10[0.00,0.30]
      2 0.41[0.19,0.66] 0.11[0.00,0.31] 0.37[0.13,0.63] 0.10[0.00,0.30] 0.10[0.00,0.30]
      3 0.34[0.11,0.57] 0.26[0.04,0.50] 0.31[0.09,0.56] 0.21[0.00,0.50] 0.21[0.00,0.50]
      5 0.29[0.09,0.50] 0.27[0.09,0.50] 0.29[0.09,0.50] 0.34[0.07,0.61] 0.34[0.07,0.61]
      7 0.27[0.07,0.51] 0.27[0.04,0.53] 0.33[0.11,0.56] 0.24[0.00,0.49] 0.24[0.00,0.49]
     10 0.49[0.20,0.79] 0.37[0.17,0.59] 0.49[0.20,0.79] 0.19[0.00,0.41] 0.19[0.00,0.41]
     14 0.37[0.10,0.67] 0.50[0.23,0.79] 0.31[0.04,0.61] 0.31[0.06,0.61] 0.31[0.06,0.61]

  ### ALL
   days      llm_direct       llm_nomem          fusion   classical_C3g    classical_C1
      1 0.12[0.03,0.22] 0.10[0.03,0.19] 0.12[0.03,0.22] 0.04[0.00,0.10] 0.04[0.00,0.10]
      2 0.21[0.11,0.33] 0.11[0.04,0.20] 0.24[0.12,0.37] 0.06[0.00,0.14] 0.06[0.00,0.14]
      3 0.25[0.14,0.37] 0.17[0.08,0.28] 0.27[0.17,0.40] 0.15[0.05,0.27] 0.15[0.05,0.27]
      5 0.29[0.17,0.42] 0.22[0.12,0.33] 0.31[0.19,0.44] 0.27[0.15,0.41] 0.27[0.15,0.41]
      7 0.30[0.18,0.43] 0.21[0.11,0.33] 0.30[0.18,0.42] 0.22[0.11,0.34] 0.22[0.11,0.34]
     10 0.35[0.22,0.49] 0.24[0.14,0.36] 0.35[0.22,0.48] 0.17[0.07,0.28] 0.17[0.07,0.28]
     14 0.37[0.25,0.50] 0.30[0.18,0.44] 0.38[0.26,0.51] 0.28[0.15,0.42] 0.28[0.15,0.42]

#### ROOM-level accuracy vs days of experience (confirmatory, clustered 95% CI) ####

  ### RARE
   days      llm_direct       llm_nomem          fusion   classical_C3g    classical_C1
      1 0.28[0.10,0.48] 0.20[0.07,0.36] 0.24[0.07,0.43] 0.13[0.01,0.29] 0.13[0.01,0.29]
      2 0.30[0.13,0.51] 0.27[0.11,0.45] 0.32[0.15,0.51] 0.13[0.01,0.29] 0.13[0.01,0.29]
      3 0.37[0.20,0.56] 0.17[0.05,0.33] 0.37[0.18,0.56] 0.13[0.02,0.30] 0.13[0.02,0.30]
      5 0.55[0.35,0.75] 0.26[0.12,0.44] 0.52[0.32,0.73] 0.29[0.11,0.49] 0.29[0.11,0.49]
      7 0.56[0.37,0.74] 0.26[0.13,0.41] 0.58[0.39,0.77] 0.29[0.11,0.49] 0.29[0.11,0.49]
     10 0.46[0.28,0.63] 0.29[0.16,0.45] 0.49[0.29,0.69] 0.29[0.11,0.49] 0.29[0.11,0.49]
     14 0.50[0.32,0.67] 0.25[0.12,0.40] 0.51[0.33,0.69] 0.33[0.14,0.54] 0.33[0.14,0.54]

  ### MEDIUM
   days      llm_direct       llm_nomem          fusion   classical_C3g    classical_C1
      1 0.39[0.12,0.75] 0.39[0.12,0.71] 0.39[0.12,0.75] 0.38[0.12,0.75] 0.38[0.12,0.75]
      2 0.52[0.16,0.88] 0.48[0.21,0.75] 0.61[0.25,0.88] 0.48[0.12,0.84] 0.48[0.12,0.84]
      3 0.48[0.16,0.80] 0.61[0.29,0.88] 0.61[0.25,0.88] 0.61[0.25,0.88] 0.61[0.25,0.88]
      5 0.36[0.09,0.66] 0.55[0.27,0.84] 0.62[0.29,0.89] 0.73[0.44,0.98] 0.73[0.44,0.98]
      7 0.34[0.09,0.64] 0.43[0.12,0.73] 0.48[0.12,0.84] 0.61[0.25,0.88] 0.61[0.25,0.88]
     10 0.46[0.12,0.80] 0.48[0.12,0.84] 0.61[0.25,0.88] 0.48[0.12,0.82] 0.48[0.12,0.82]
     14 0.43[0.12,0.73] 0.48[0.12,0.84] 0.57[0.23,0.86] 0.57[0.25,0.86] 0.57[0.25,0.86]

  ### FREQUENT
   days      llm_direct       llm_nomem          fusion   classical_C3g    classical_C1
      1 0.11[0.00,0.31] 0.17[0.01,0.40] 0.10[0.00,0.30] 0.10[0.00,0.30] 0.10[0.00,0.30]
      2 0.56[0.31,0.80] 0.24[0.03,0.51] 0.51[0.26,0.77] 0.20[0.00,0.50] 0.20[0.00,0.50]
      3 0.44[0.20,0.69] 0.36[0.11,0.64] 0.41[0.17,0.67] 0.31[0.10,0.61] 0.31[0.10,0.61]
      5 0.39[0.16,0.63] 0.39[0.16,0.63] 0.41[0.20,0.64] 0.47[0.20,0.74] 0.47[0.20,0.74]
      7 0.37[0.14,0.61] 0.40[0.16,0.67] 0.44[0.21,0.69] 0.37[0.13,0.61] 0.37[0.13,0.61]
     10 0.61[0.34,0.87] 0.47[0.24,0.70] 0.61[0.34,0.87] 0.31[0.09,0.57] 0.31[0.09,0.57]
     14 0.53[0.23,0.83] 0.60[0.33,0.87] 0.47[0.21,0.76] 0.47[0.20,0.74] 0.47[0.20,0.74]

  ### ALL
   days      llm_direct       llm_nomem          fusion   classical_C3g    classical_C1
      1 0.26[0.13,0.40] 0.23[0.12,0.35] 0.23[0.11,0.37] 0.17[0.06,0.31] 0.17[0.06,0.31]
      2 0.42[0.28,0.56] 0.31[0.18,0.44] 0.44[0.29,0.58] 0.23[0.10,0.37] 0.23[0.10,0.37]
      3 0.42[0.28,0.55] 0.32[0.19,0.45] 0.43[0.29,0.57] 0.29[0.15,0.44] 0.29[0.15,0.44]
      5 0.46[0.32,0.60] 0.36[0.24,0.49] 0.52[0.38,0.66] 0.44[0.29,0.60] 0.44[0.29,0.60]
      7 0.46[0.32,0.60] 0.34[0.22,0.47] 0.52[0.38,0.66] 0.38[0.23,0.53] 0.38[0.23,0.53]
     10 0.50[0.37,0.64] 0.38[0.26,0.51] 0.55[0.41,0.69] 0.34[0.19,0.48] 0.34[0.19,0.48]
     14 0.49[0.35,0.63] 0.40[0.27,0.54] 0.51[0.38,0.65] 0.42[0.27,0.58] 0.42[0.27,0.58]
wrote /data/oliver/robot/dynamic_home_eqa/reports/reflect/reflect_curves_d0_glm.png and /data/oliver/robot/dynamic_home_eqa/reports/reflect/reflect_entropy_d0_glm.png
