
#### RECEPTACLE-level accuracy vs days of experience (confirmatory, clustered 95% CI) ####

  ### RARE
   days      llm_direct       llm_nomem          fusion   classical_C3g    classical_C1
      1 0.41[0.14,0.67] 0.22[0.14,0.31] 0.33[0.29,0.37] 0.00[0.00,0.00] 0.00[0.00,0.00]
      2 0.33[0.06,0.63] 0.29[0.08,0.45] 0.39[0.10,0.69] 0.10[0.00,0.31] 0.10[0.00,0.31]
      3 0.55[0.35,0.80] 0.33[0.12,0.55] 0.53[0.35,0.76] 0.10[0.00,0.31] 0.10[0.00,0.31]
      5 0.39[0.14,0.65] 0.51[0.33,0.69] 0.41[0.16,0.67] 0.22[0.04,0.45] 0.22[0.04,0.45]
      7 0.45[0.24,0.63] 0.29[0.12,0.47] 0.45[0.18,0.69] 0.22[0.04,0.45] 0.22[0.04,0.45]
     10 0.35[0.16,0.59] 0.24[0.20,0.29] 0.37[0.20,0.61] 0.22[0.08,0.41] 0.22[0.08,0.41]
     14 0.49[0.29,0.71] 0.29[0.10,0.47] 0.47[0.27,0.69] 0.20[0.04,0.39] 0.20[0.04,0.39]

  ### MEDIUM
   days      llm_direct       llm_nomem          fusion   classical_C3g    classical_C1
      1 0.41[0.16,0.69] 0.14[0.02,0.31] 0.20[0.06,0.41] 0.00[0.00,0.00] 0.00[0.00,0.00]
      2 0.31[0.04,0.61] 0.04[0.00,0.12] 0.29[0.04,0.57] 0.04[0.00,0.12] 0.04[0.00,0.12]
      3 0.18[0.04,0.39] 0.00[0.00,0.00] 0.08[0.00,0.16] 0.04[0.00,0.12] 0.04[0.00,0.12]
      5 0.20[0.06,0.39] 0.14[0.00,0.35] 0.24[0.04,0.53] 0.18[0.00,0.47] 0.18[0.00,0.47]
      7 0.61[0.27,0.92] 0.37[0.12,0.61] 0.43[0.12,0.76] 0.43[0.14,0.76] 0.43[0.14,0.76]
     10 0.63[0.35,0.90] 0.29[0.08,0.51] 0.43[0.12,0.76] 0.43[0.14,0.76] 0.43[0.14,0.76]
     14 0.55[0.14,0.86] 0.18[0.04,0.39] 0.43[0.14,0.71] 0.43[0.14,0.86] 0.43[0.14,0.86]

  ### FREQUENT
   days      llm_direct       llm_nomem          fusion   classical_C3g    classical_C1
      1 0.29[0.14,0.47] 0.19[0.06,0.35] 0.25[0.09,0.42] 0.19[0.05,0.38] 0.19[0.05,0.38]
      2 0.23[0.08,0.39] 0.19[0.07,0.34] 0.23[0.07,0.40] 0.19[0.05,0.38] 0.19[0.05,0.38]
      3 0.25[0.10,0.42] 0.18[0.05,0.33] 0.25[0.09,0.42] 0.19[0.05,0.36] 0.19[0.05,0.36]
      5 0.37[0.20,0.55] 0.45[0.31,0.61] 0.41[0.23,0.59] 0.41[0.23,0.64] 0.41[0.23,0.64]
      7 0.19[0.08,0.33] 0.49[0.35,0.62] 0.42[0.23,0.63] 0.44[0.23,0.64] 0.44[0.23,0.64]
     10 0.17[0.06,0.30] 0.44[0.30,0.58] 0.25[0.10,0.42] 0.32[0.14,0.52] 0.32[0.14,0.52]
     14 0.35[0.18,0.53] 0.40[0.27,0.54] 0.40[0.21,0.58] 0.41[0.22,0.60] 0.41[0.22,0.60]

  ### ALL
   days      llm_direct       llm_nomem          fusion   classical_C3g    classical_C1
      1 0.34[0.21,0.46] 0.19[0.10,0.29] 0.25[0.15,0.37] 0.12[0.03,0.23] 0.12[0.03,0.23]
      2 0.26[0.14,0.38] 0.18[0.09,0.28] 0.27[0.15,0.40] 0.15[0.05,0.26] 0.15[0.05,0.26]
      3 0.29[0.18,0.42] 0.17[0.07,0.28] 0.27[0.15,0.40] 0.15[0.05,0.26] 0.15[0.05,0.26]
      5 0.34[0.22,0.46] 0.40[0.29,0.52] 0.38[0.23,0.53] 0.33[0.19,0.48] 0.33[0.19,0.48]
      7 0.33[0.20,0.45] 0.42[0.32,0.54] 0.43[0.29,0.58] 0.40[0.25,0.55] 0.40[0.25,0.55]
     10 0.29[0.18,0.42] 0.37[0.27,0.48] 0.31[0.19,0.43] 0.32[0.19,0.46] 0.32[0.19,0.46]
     14 0.42[0.28,0.56] 0.34[0.24,0.44] 0.42[0.28,0.56] 0.37[0.23,0.52] 0.37[0.23,0.52]

#### ROOM-level accuracy vs days of experience (confirmatory, clustered 95% CI) ####

  ### RARE
   days      llm_direct       llm_nomem          fusion   classical_C3g    classical_C1
      1 0.47[0.24,0.69] 0.31[0.16,0.47] 0.33[0.29,0.37] 0.00[0.00,0.00] 0.00[0.00,0.00]
      2 0.47[0.22,0.73] 0.41[0.22,0.57] 0.49[0.24,0.74] 0.10[0.00,0.31] 0.10[0.00,0.31]
      3 0.59[0.39,0.82] 0.41[0.22,0.59] 0.57[0.37,0.78] 0.10[0.00,0.31] 0.10[0.00,0.31]
      5 0.47[0.24,0.71] 0.51[0.33,0.69] 0.49[0.27,0.71] 0.22[0.04,0.45] 0.22[0.04,0.45]
      7 0.49[0.33,0.65] 0.31[0.14,0.49] 0.53[0.35,0.73] 0.22[0.04,0.45] 0.22[0.04,0.45]
     10 0.37[0.18,0.61] 0.24[0.20,0.29] 0.37[0.20,0.61] 0.22[0.08,0.41] 0.22[0.08,0.41]
     14 0.53[0.35,0.71] 0.29[0.10,0.47] 0.49[0.31,0.71] 0.20[0.04,0.39] 0.20[0.04,0.39]

  ### MEDIUM
   days      llm_direct       llm_nomem          fusion   classical_C3g    classical_C1
      1 0.41[0.16,0.69] 0.14[0.02,0.31] 0.20[0.06,0.41] 0.00[0.00,0.00] 0.00[0.00,0.00]
      2 0.31[0.04,0.61] 0.04[0.00,0.12] 0.29[0.04,0.57] 0.04[0.00,0.12] 0.04[0.00,0.12]
      3 0.29[0.10,0.47] 0.00[0.00,0.00] 0.18[0.04,0.33] 0.04[0.00,0.12] 0.04[0.00,0.12]
      5 0.20[0.06,0.39] 0.14[0.00,0.35] 0.24[0.04,0.53] 0.18[0.00,0.47] 0.18[0.00,0.47]
      7 0.61[0.27,0.92] 0.37[0.12,0.61] 0.57[0.24,0.86] 0.57[0.26,0.86] 0.57[0.26,0.86]
     10 0.63[0.35,0.90] 0.31[0.08,0.57] 0.57[0.24,0.86] 0.57[0.26,0.86] 0.57[0.26,0.86]
     14 0.55[0.14,0.86] 0.18[0.04,0.39] 0.57[0.14,0.86] 0.57[0.29,0.86] 0.57[0.29,0.86]

  ### FREQUENT
   days      llm_direct       llm_nomem          fusion   classical_C3g    classical_C1
      1 0.45[0.28,0.63] 0.23[0.08,0.40] 0.31[0.15,0.49] 0.19[0.05,0.38] 0.19[0.05,0.38]
      2 0.34[0.18,0.52] 0.23[0.09,0.38] 0.28[0.12,0.45] 0.19[0.05,0.38] 0.19[0.05,0.38]
      3 0.39[0.21,0.57] 0.21[0.07,0.36] 0.31[0.14,0.48] 0.19[0.05,0.36] 0.19[0.05,0.36]
      5 0.50[0.32,0.67] 0.53[0.38,0.68] 0.45[0.27,0.68] 0.45[0.27,0.68] 0.45[0.27,0.68]
      7 0.37[0.21,0.54] 0.55[0.42,0.69] 0.51[0.31,0.71] 0.53[0.32,0.73] 0.53[0.32,0.73]
     10 0.34[0.19,0.51] 0.46[0.32,0.61] 0.34[0.18,0.53] 0.36[0.18,0.56] 0.36[0.18,0.56]
     14 0.55[0.36,0.72] 0.45[0.31,0.60] 0.53[0.34,0.72] 0.50[0.31,0.69] 0.50[0.31,0.69]

  ### ALL
   days      llm_direct       llm_nomem          fusion   classical_C3g    classical_C1
      1 0.45[0.32,0.57] 0.23[0.13,0.34] 0.29[0.19,0.40] 0.12[0.03,0.23] 0.12[0.03,0.23]
      2 0.36[0.23,0.49] 0.23[0.13,0.33] 0.32[0.20,0.45] 0.15[0.05,0.26] 0.15[0.05,0.26]
      3 0.41[0.28,0.54] 0.21[0.11,0.31] 0.33[0.21,0.46] 0.15[0.05,0.26] 0.15[0.05,0.26]
      5 0.44[0.31,0.57] 0.45[0.33,0.56] 0.42[0.28,0.56] 0.36[0.21,0.51] 0.36[0.21,0.51]
      7 0.44[0.31,0.57] 0.47[0.36,0.58] 0.53[0.40,0.66] 0.48[0.33,0.63] 0.48[0.33,0.63]
     10 0.40[0.29,0.54] 0.39[0.28,0.50] 0.39[0.27,0.52] 0.38[0.24,0.52] 0.38[0.24,0.52]
     14 0.54[0.41,0.67] 0.37[0.26,0.47] 0.53[0.39,0.68] 0.46[0.31,0.61] 0.46[0.31,0.61]
wrote /data/oliver/robot/dynamic_home_eqa/reports/reflect/reflect_curves_d0_qwen36.png and /data/oliver/robot/dynamic_home_eqa/reports/reflect/reflect_entropy_d0_qwen36.png
