alpha sweep on DEV (210 queries, held-out accuracy):
  alpha=1:  fusion acc=0.229
  alpha=2:  fusion acc=0.248
  alpha=3:  fusion acc=0.224
  alpha=5:  fusion acc=0.224
  alpha=8:  fusion acc=0.224
  => FROZEN alpha* = 2

#### RECEPTACLE-level accuracy vs days of experience (confirmatory, clustered 95% CI) ####

  ### RARE
   days      llm_direct       llm_nomem          fusion   classical_C3g    classical_C1
      1 0.29[0.10,0.48] 0.26[0.07,0.48] 0.29[0.10,0.48] 0.10[0.00,0.29] 0.10[0.00,0.29]
      2 0.36[0.12,0.60] 0.45[0.24,0.62] 0.48[0.21,0.76] 0.33[0.07,0.67] 0.33[0.07,0.67]
      3 0.29[0.10,0.48] 0.36[0.12,0.64] 0.52[0.26,0.79] 0.26[0.02,0.57] 0.26[0.02,0.57]
      5 0.29[0.10,0.48] 0.57[0.33,0.74] 0.50[0.21,0.79] 0.50[0.21,0.79] 0.50[0.21,0.79]
      7 0.29[0.10,0.48] 0.36[0.12,0.62] 0.33[0.10,0.60] 0.33[0.10,0.60] 0.33[0.10,0.60]
     10 0.21[0.07,0.36] 0.29[0.07,0.50] 0.33[0.12,0.57] 0.33[0.12,0.57] 0.33[0.12,0.57]
     14 0.36[0.12,0.62] 0.33[0.12,0.55] 0.33[0.12,0.57] 0.33[0.12,0.57] 0.33[0.12,0.57]

  ### MEDIUM
   days      llm_direct       llm_nomem          fusion   classical_C3g    classical_C1
      1 0.33[0.05,0.67] 0.33[0.05,0.67] 0.36[0.07,0.67] 0.17[0.00,0.50] 0.17[0.00,0.50]
      2 0.19[0.02,0.40] 0.31[0.07,0.62] 0.38[0.10,0.67] 0.26[0.05,0.60] 0.26[0.05,0.60]
      3 0.43[0.14,0.71] 0.55[0.33,0.79] 0.74[0.55,0.90] 0.74[0.55,0.90] 0.74[0.55,0.90]
      5 0.64[0.38,0.88] 0.62[0.45,0.81] 0.43[0.17,0.71] 0.55[0.29,0.79] 0.55[0.29,0.79]
      7 0.62[0.38,0.86] 0.57[0.33,0.81] 0.69[0.50,0.88] 0.62[0.36,0.88] 0.62[0.36,0.88]
     10 0.31[0.14,0.48] 0.57[0.40,0.76] 0.69[0.50,0.88] 0.62[0.36,0.88] 0.62[0.36,0.88]
     14 0.57[0.24,0.86] 0.57[0.31,0.86] 0.67[0.45,0.88] 0.62[0.36,0.88] 0.62[0.36,0.88]

  ### FREQUENT
   days      llm_direct       llm_nomem          fusion   classical_C3g    classical_C1
      1 0.17[0.00,0.36] 0.05[0.00,0.14] 0.14[0.00,0.33] 0.05[0.00,0.14] 0.05[0.00,0.14]
      2 0.17[0.02,0.33] 0.07[0.00,0.21] 0.14[0.02,0.29] 0.05[0.00,0.14] 0.05[0.00,0.14]
      3 0.19[0.05,0.38] 0.12[0.02,0.24] 0.19[0.10,0.29] 0.14[0.05,0.24] 0.14[0.05,0.24]
      5 0.19[0.02,0.38] 0.12[0.02,0.26] 0.26[0.07,0.52] 0.12[0.02,0.24] 0.12[0.02,0.24]
      7 0.19[0.02,0.38] 0.10[0.00,0.29] 0.12[0.02,0.24] 0.10[0.02,0.19] 0.10[0.02,0.19]
     10 0.19[0.02,0.38] 0.14[0.00,0.33] 0.17[0.05,0.31] 0.17[0.07,0.26] 0.12[0.02,0.24]
     14 0.21[0.05,0.40] 0.17[0.02,0.36] 0.10[0.00,0.19] 0.10[0.00,0.19] 0.10[0.00,0.19]

  ### ALL
   days      llm_direct       llm_nomem          fusion   classical_C3g    classical_C1
      1 0.26[0.13,0.40] 0.21[0.09,0.36] 0.26[0.13,0.40] 0.10[0.00,0.24] 0.10[0.00,0.24]
      2 0.24[0.11,0.37] 0.28[0.14,0.42] 0.33[0.18,0.49] 0.21[0.07,0.38] 0.21[0.07,0.38]
      3 0.30[0.17,0.44] 0.34[0.20,0.49] 0.48[0.33,0.63] 0.38[0.22,0.56] 0.38[0.22,0.56]
      5 0.37[0.22,0.52] 0.44[0.29,0.58] 0.40[0.24,0.55] 0.39[0.23,0.56] 0.39[0.23,0.56]
      7 0.37[0.22,0.52] 0.34[0.18,0.50] 0.38[0.22,0.54] 0.35[0.20,0.50] 0.35[0.20,0.50]
     10 0.24[0.14,0.34] 0.33[0.20,0.47] 0.40[0.25,0.55] 0.37[0.22,0.52] 0.36[0.21,0.51]
     14 0.38[0.21,0.54] 0.36[0.21,0.52] 0.37[0.21,0.52] 0.35[0.20,0.49] 0.35[0.20,0.49]

#### ROOM-level accuracy vs days of experience (confirmatory, clustered 95% CI) ####

  ### RARE
   days      llm_direct       llm_nomem          fusion   classical_C3g    classical_C1
      1 0.76[0.57,0.93] 0.62[0.43,0.81] 0.74[0.50,0.93] 0.10[0.00,0.29] 0.10[0.00,0.29]
      2 0.83[0.69,0.95] 0.60[0.45,0.74] 0.79[0.60,0.95] 0.33[0.07,0.67] 0.33[0.07,0.67]
      3 0.74[0.57,0.90] 0.45[0.26,0.69] 0.67[0.40,0.90] 0.26[0.02,0.57] 0.26[0.02,0.57]
      5 0.71[0.55,0.88] 0.81[0.64,0.95] 0.69[0.40,0.93] 0.69[0.40,0.93] 0.69[0.40,0.93]
      7 0.76[0.57,0.93] 0.71[0.48,0.93] 0.69[0.40,0.93] 0.69[0.40,0.93] 0.69[0.40,0.93]
     10 0.69[0.45,0.90] 0.64[0.36,0.90] 0.69[0.45,0.90] 0.69[0.45,0.90] 0.69[0.45,0.90]
     14 0.71[0.45,0.93] 0.69[0.45,0.90] 0.69[0.45,0.90] 0.69[0.45,0.90] 0.69[0.45,0.90]

  ### MEDIUM
   days      llm_direct       llm_nomem          fusion   classical_C3g    classical_C1
      1 0.62[0.29,0.95] 0.33[0.05,0.67] 0.62[0.29,0.95] 0.17[0.00,0.50] 0.17[0.00,0.50]
      2 0.64[0.31,0.95] 0.43[0.10,0.81] 0.50[0.17,0.83] 0.38[0.05,0.76] 0.38[0.05,0.76]
      3 0.71[0.38,0.95] 0.62[0.36,0.86] 0.79[0.55,0.95] 0.79[0.55,0.95] 0.79[0.55,0.95]
      5 0.64[0.38,0.88] 0.76[0.62,0.93] 0.71[0.43,0.95] 0.83[0.69,0.95] 0.83[0.69,0.95]
      7 0.64[0.43,0.86] 0.67[0.43,0.88] 0.81[0.64,0.95] 0.74[0.45,0.95] 0.74[0.45,0.95]
     10 0.69[0.48,0.88] 0.69[0.52,0.86] 0.81[0.64,0.95] 0.74[0.45,0.95] 0.74[0.45,0.95]
     14 0.64[0.36,0.88] 0.69[0.40,0.93] 0.79[0.60,0.95] 0.74[0.45,0.95] 0.74[0.45,0.95]

  ### FREQUENT
   days      llm_direct       llm_nomem          fusion   classical_C3g    classical_C1
      1 0.29[0.07,0.52] 0.10[0.02,0.19] 0.21[0.05,0.40] 0.05[0.00,0.14] 0.05[0.00,0.14]
      2 0.40[0.14,0.69] 0.21[0.05,0.40] 0.21[0.05,0.40] 0.05[0.00,0.14] 0.05[0.00,0.14]
      3 0.26[0.12,0.40] 0.12[0.02,0.24] 0.19[0.10,0.29] 0.14[0.05,0.24] 0.14[0.05,0.24]
      5 0.45[0.17,0.74] 0.14[0.02,0.33] 0.36[0.10,0.64] 0.21[0.05,0.43] 0.21[0.05,0.43]
      7 0.36[0.10,0.67] 0.24[0.00,0.52] 0.33[0.07,0.64] 0.36[0.07,0.67] 0.36[0.07,0.67]
     10 0.36[0.12,0.60] 0.26[0.05,0.50] 0.26[0.05,0.55] 0.26[0.10,0.45] 0.21[0.05,0.43]
     14 0.24[0.07,0.40] 0.26[0.02,0.55] 0.10[0.00,0.19] 0.10[0.00,0.19] 0.10[0.00,0.19]

  ### ALL
   days      llm_direct       llm_nomem          fusion   classical_C3g    classical_C1
      1 0.56[0.37,0.73] 0.35[0.19,0.51] 0.52[0.33,0.70] 0.10[0.00,0.24] 0.10[0.00,0.24]
      2 0.63[0.45,0.80] 0.41[0.25,0.56] 0.50[0.33,0.68] 0.25[0.10,0.44] 0.25[0.10,0.44]
      3 0.57[0.40,0.73] 0.40[0.25,0.55] 0.55[0.38,0.71] 0.40[0.22,0.58] 0.40[0.22,0.58]
      5 0.60[0.45,0.75] 0.57[0.40,0.74] 0.59[0.41,0.75] 0.58[0.40,0.74] 0.58[0.40,0.74]
      7 0.59[0.43,0.75] 0.54[0.37,0.71] 0.61[0.44,0.79] 0.60[0.42,0.77] 0.60[0.42,0.77]
     10 0.58[0.43,0.74] 0.53[0.38,0.69] 0.59[0.41,0.75] 0.56[0.39,0.72] 0.55[0.37,0.71]
     14 0.53[0.37,0.70] 0.55[0.37,0.72] 0.52[0.34,0.70] 0.51[0.32,0.68] 0.51[0.32,0.68]
wrote /data/oliver/robot/dynamic_home_eqa/reports/reflect/reflect_curves_qwen36_o5.png and /data/oliver/robot/dynamic_home_eqa/reports/reflect/reflect_entropy_qwen36_o5.png
