alpha sweep on DEV (210 queries, held-out accuracy):
  alpha=1:  fusion acc=0.310
  alpha=2:  fusion acc=0.295
  alpha=3:  fusion acc=0.290
  alpha=5:  fusion acc=0.276
  alpha=8:  fusion acc=0.290
  => FROZEN alpha* = 1

#### RECEPTACLE-level accuracy vs days of experience (confirmatory, clustered 95% CI) ####

  ### RARE
   days      llm_direct       llm_nomem          fusion   classical_C3g    classical_C1
      1 0.33[0.12,0.55] 0.24[0.07,0.40] 0.31[0.10,0.52] 0.10[0.00,0.29] 0.10[0.00,0.29]
      2 0.31[0.10,0.52] 0.29[0.07,0.50] 0.29[0.12,0.45] 0.24[0.07,0.43] 0.24[0.07,0.43]
      3 0.24[0.07,0.40] 0.24[0.07,0.43] 0.31[0.12,0.50] 0.24[0.07,0.43] 0.24[0.07,0.43]
      5 0.24[0.05,0.43] 0.12[0.00,0.26] 0.26[0.07,0.48] 0.26[0.07,0.45] 0.26[0.07,0.45]
      7 0.21[0.05,0.38] 0.24[0.12,0.36] 0.57[0.31,0.83] 0.57[0.31,0.81] 0.57[0.31,0.81]
     10 0.31[0.10,0.52] 0.29[0.17,0.45] 0.43[0.19,0.69] 0.55[0.29,0.81] 0.55[0.29,0.81]
     14 0.40[0.19,0.62] 0.31[0.19,0.48] 0.43[0.17,0.71] 0.40[0.17,0.69] 0.40[0.17,0.69]

  ### MEDIUM
   days      llm_direct       llm_nomem          fusion   classical_C3g    classical_C1
      1 0.45[0.19,0.74] 0.55[0.26,0.81] 0.55[0.26,0.81] 0.55[0.26,0.81] 0.55[0.26,0.81]
      2 0.33[0.10,0.57] 0.64[0.45,0.81] 0.48[0.19,0.76] 0.48[0.19,0.76] 0.48[0.19,0.76]
      3 0.17[0.05,0.26] 0.57[0.38,0.74] 0.60[0.40,0.79] 0.57[0.29,0.81] 0.57[0.29,0.81]
      5 0.21[0.02,0.55] 0.67[0.48,0.86] 0.50[0.21,0.76] 0.45[0.17,0.76] 0.45[0.17,0.76]
      7 0.24[0.05,0.43] 0.71[0.57,0.86] 0.55[0.26,0.79] 0.45[0.17,0.76] 0.45[0.17,0.76]
     10 0.17[0.02,0.36] 0.50[0.33,0.62] 0.62[0.45,0.81] 0.64[0.48,0.81] 0.55[0.29,0.79]
     14 0.31[0.10,0.52] 0.48[0.29,0.71] 0.69[0.45,0.90] 0.81[0.69,0.93] 0.45[0.19,0.74]

  ### FREQUENT
   days      llm_direct       llm_nomem          fusion   classical_C3g    classical_C1
      1 0.31[0.12,0.50] 0.14[0.05,0.24] 0.26[0.05,0.50] 0.14[0.00,0.33] 0.14[0.00,0.33]
      2 0.24[0.07,0.40] 0.19[0.07,0.31] 0.12[0.00,0.31] 0.12[0.00,0.31] 0.12[0.00,0.31]
      3 0.19[0.00,0.43] 0.14[0.02,0.29] 0.29[0.02,0.62] 0.12[0.00,0.31] 0.12[0.00,0.31]
      5 0.14[0.00,0.33] 0.12[0.05,0.19] 0.31[0.05,0.62] 0.31[0.05,0.62] 0.31[0.05,0.62]
      7 0.17[0.05,0.31] 0.19[0.10,0.29] 0.33[0.07,0.64] 0.33[0.10,0.52] 0.31[0.05,0.62]
     10 0.19[0.02,0.38] 0.26[0.12,0.43] 0.24[0.05,0.48] 0.29[0.10,0.48] 0.31[0.05,0.62]
     14 0.19[0.05,0.40] 0.19[0.05,0.38] 0.33[0.07,0.67] 0.31[0.05,0.62] 0.31[0.05,0.62]

  ### ALL
   days      llm_direct       llm_nomem          fusion   classical_C3g    classical_C1
      1 0.37[0.22,0.51] 0.31[0.17,0.45] 0.37[0.22,0.53] 0.26[0.11,0.43] 0.26[0.11,0.43]
      2 0.29[0.17,0.41] 0.37[0.24,0.51] 0.29[0.16,0.44] 0.28[0.14,0.43] 0.28[0.14,0.43]
      3 0.20[0.10,0.30] 0.32[0.18,0.45] 0.40[0.25,0.55] 0.31[0.16,0.46] 0.31[0.16,0.46]
      5 0.20[0.08,0.34] 0.30[0.17,0.45] 0.36[0.20,0.52] 0.34[0.18,0.51] 0.34[0.18,0.51]
      7 0.21[0.10,0.32] 0.38[0.25,0.52] 0.48[0.33,0.64] 0.45[0.29,0.60] 0.44[0.27,0.61]
     10 0.22[0.11,0.34] 0.35[0.25,0.45] 0.43[0.29,0.57] 0.49[0.35,0.63] 0.47[0.30,0.63]
     14 0.30[0.17,0.43] 0.33[0.21,0.45] 0.48[0.31,0.66] 0.51[0.33,0.67] 0.39[0.22,0.56]

#### ROOM-level accuracy vs days of experience (confirmatory, clustered 95% CI) ####

  ### RARE
   days      llm_direct       llm_nomem          fusion   classical_C3g    classical_C1
      1 0.81[0.64,0.95] 0.52[0.40,0.62] 0.79[0.60,0.95] 0.10[0.00,0.29] 0.10[0.00,0.29]
      2 0.76[0.57,0.93] 0.50[0.36,0.64] 0.74[0.52,0.93] 0.24[0.07,0.43] 0.24[0.07,0.43]
      3 0.69[0.45,0.90] 0.33[0.21,0.45] 0.60[0.38,0.81] 0.24[0.07,0.43] 0.24[0.07,0.43]
      5 0.67[0.43,0.88] 0.33[0.10,0.64] 0.48[0.24,0.74] 0.43[0.17,0.71] 0.43[0.17,0.71]
      7 0.69[0.40,0.93] 0.52[0.33,0.71] 0.76[0.57,0.93] 0.60[0.31,0.86] 0.60[0.31,0.86]
     10 0.79[0.60,0.95] 0.62[0.38,0.88] 0.74[0.52,0.93] 0.57[0.29,0.83] 0.57[0.29,0.83]
     14 0.74[0.52,0.93] 0.60[0.31,0.88] 0.74[0.50,0.93] 0.71[0.48,0.93] 0.71[0.48,0.93]

  ### MEDIUM
   days      llm_direct       llm_nomem          fusion   classical_C3g    classical_C1
      1 0.74[0.45,0.95] 0.62[0.33,0.90] 0.76[0.48,0.95] 0.60[0.26,0.90] 0.60[0.26,0.90]
      2 0.64[0.45,0.81] 0.67[0.48,0.86] 0.52[0.21,0.86] 0.52[0.21,0.86] 0.52[0.21,0.86]
      3 0.60[0.33,0.88] 0.67[0.43,0.88] 0.64[0.40,0.88] 0.62[0.33,0.90] 0.62[0.33,0.90]
      5 0.38[0.05,0.71] 0.71[0.48,0.93] 0.55[0.24,0.83] 0.50[0.17,0.83] 0.50[0.17,0.83]
      7 0.57[0.24,0.90] 0.79[0.60,0.95] 0.60[0.31,0.88] 0.50[0.17,0.83] 0.50[0.17,0.83]
     10 0.60[0.31,0.88] 0.67[0.55,0.81] 0.76[0.55,0.95] 0.76[0.52,0.95] 0.60[0.29,0.88]
     14 0.57[0.26,0.88] 0.69[0.50,0.88] 0.74[0.45,0.95] 0.86[0.71,0.98] 0.50[0.19,0.83]

  ### FREQUENT
   days      llm_direct       llm_nomem          fusion   classical_C3g    classical_C1
      1 0.40[0.12,0.69] 0.31[0.10,0.60] 0.33[0.05,0.67] 0.33[0.05,0.67] 0.33[0.05,0.67]
      2 0.31[0.14,0.48] 0.33[0.14,0.57] 0.19[0.02,0.43] 0.14[0.00,0.38] 0.14[0.00,0.38]
      3 0.33[0.05,0.64] 0.33[0.07,0.64] 0.31[0.02,0.64] 0.31[0.02,0.64] 0.31[0.02,0.64]
      5 0.24[0.10,0.38] 0.29[0.07,0.60] 0.33[0.05,0.67] 0.33[0.05,0.67] 0.33[0.05,0.67]
      7 0.21[0.07,0.38] 0.36[0.14,0.64] 0.36[0.07,0.67] 0.38[0.12,0.62] 0.33[0.05,0.67]
     10 0.33[0.12,0.55] 0.40[0.14,0.71] 0.26[0.05,0.50] 0.31[0.10,0.52] 0.33[0.05,0.67]
     14 0.29[0.05,0.57] 0.29[0.05,0.55] 0.36[0.07,0.69] 0.33[0.05,0.67] 0.33[0.05,0.67]

  ### ALL
   days      llm_direct       llm_nomem          fusion   classical_C3g    classical_C1
      1 0.65[0.48,0.81] 0.48[0.33,0.63] 0.63[0.45,0.80] 0.34[0.16,0.53] 0.34[0.16,0.53]
      2 0.57[0.44,0.71] 0.50[0.37,0.62] 0.48[0.30,0.67] 0.30[0.15,0.48] 0.30[0.15,0.48]
      3 0.54[0.37,0.71] 0.44[0.30,0.60] 0.52[0.35,0.69] 0.39[0.21,0.56] 0.39[0.21,0.56]
      5 0.43[0.25,0.60] 0.44[0.28,0.62] 0.45[0.29,0.63] 0.42[0.23,0.61] 0.42[0.23,0.61]
      7 0.49[0.31,0.67] 0.56[0.41,0.71] 0.57[0.40,0.75] 0.49[0.33,0.65] 0.48[0.29,0.66]
     10 0.57[0.40,0.73] 0.56[0.42,0.71] 0.59[0.42,0.75] 0.55[0.37,0.71] 0.50[0.32,0.67]
     14 0.53[0.36,0.70] 0.52[0.36,0.70] 0.61[0.43,0.78] 0.63[0.45,0.79] 0.52[0.33,0.69]
wrote /data/oliver/robot/dynamic_home_eqa/reports/reflect/reflect_curves_qwen36_o10.png and /data/oliver/robot/dynamic_home_eqa/reports/reflect/reflect_entropy_qwen36_o10.png
