alpha sweep on DEV (252 queries, held-out accuracy):
  alpha=1:  fusion acc=0.163
  alpha=2:  fusion acc=0.194
  alpha=3:  fusion acc=0.206
  alpha=5:  fusion acc=0.210
  alpha=8:  fusion acc=0.206
  => FROZEN alpha* = 5

#### RECEPTACLE-level accuracy vs days of experience (confirmatory, clustered 95% CI) ####

  ### RARE
   days      llm_direct       llm_nomem          fusion   classical_C3g    classical_C1
      1 0.24[0.02,0.49] 0.20[0.06,0.35] 0.31[0.06,0.59] 0.00[0.00,0.00] 0.00[0.00,0.00]
      2 0.35[0.10,0.61] 0.22[0.06,0.41] 0.27[0.06,0.51] 0.10[0.00,0.31] 0.10[0.00,0.31]
      3 0.39[0.10,0.71] 0.41[0.12,0.71] 0.35[0.10,0.61] 0.10[0.00,0.31] 0.10[0.00,0.31]
      5 0.49[0.22,0.76] 0.43[0.20,0.61] 0.41[0.20,0.59] 0.22[0.04,0.45] 0.22[0.04,0.45]
      7 0.45[0.18,0.71] 0.45[0.24,0.63] 0.41[0.16,0.67] 0.22[0.04,0.45] 0.22[0.04,0.45]
     10 0.29[0.14,0.41] 0.51[0.27,0.73] 0.16[0.04,0.24] 0.22[0.08,0.41] 0.22[0.08,0.41]
     14 0.35[0.18,0.53] 0.37[0.20,0.51] 0.31[0.16,0.47] 0.20[0.04,0.39] 0.20[0.04,0.39]

  ### MEDIUM
   days      llm_direct       llm_nomem          fusion   classical_C3g    classical_C1
      1 0.29[0.06,0.57] 0.31[0.06,0.59] 0.27[0.10,0.49] 0.00[0.00,0.00] 0.00[0.00,0.00]
      2 0.10[0.02,0.20] 0.04[0.00,0.12] 0.16[0.04,0.33] 0.04[0.00,0.12] 0.04[0.00,0.12]
      3 0.10[0.00,0.22] 0.06[0.00,0.14] 0.08[0.00,0.16] 0.04[0.00,0.12] 0.04[0.00,0.12]
      5 0.24[0.04,0.53] 0.27[0.02,0.55] 0.31[0.04,0.63] 0.18[0.00,0.47] 0.18[0.00,0.47]
      7 0.18[0.04,0.39] 0.37[0.08,0.71] 0.43[0.12,0.76] 0.43[0.14,0.76] 0.43[0.14,0.76]
     10 0.20[0.06,0.37] 0.35[0.08,0.63] 0.43[0.12,0.76] 0.43[0.14,0.76] 0.43[0.14,0.76]
     14 0.12[0.04,0.24] 0.45[0.20,0.69] 0.43[0.14,0.71] 0.43[0.14,0.86] 0.43[0.14,0.86]

  ### FREQUENT
   days      llm_direct       llm_nomem          fusion   classical_C3g    classical_C1
      1 0.33[0.17,0.50] 0.29[0.12,0.45] 0.36[0.19,0.55] 0.19[0.05,0.38] 0.19[0.05,0.38]
      2 0.35[0.20,0.52] 0.23[0.07,0.40] 0.33[0.17,0.51] 0.19[0.05,0.38] 0.19[0.05,0.38]
      3 0.26[0.12,0.42] 0.21[0.07,0.38] 0.27[0.10,0.45] 0.19[0.05,0.36] 0.19[0.05,0.36]
      5 0.59[0.42,0.75] 0.49[0.32,0.68] 0.49[0.31,0.71] 0.41[0.23,0.64] 0.41[0.23,0.64]
      7 0.44[0.27,0.60] 0.41[0.25,0.58] 0.51[0.31,0.72] 0.44[0.23,0.64] 0.44[0.23,0.64]
     10 0.24[0.12,0.38] 0.37[0.21,0.55] 0.16[0.05,0.31] 0.32[0.14,0.52] 0.32[0.14,0.52]
     14 0.42[0.25,0.58] 0.42[0.27,0.58] 0.33[0.16,0.52] 0.41[0.22,0.60] 0.41[0.22,0.60]

  ### ALL
   days      llm_direct       llm_nomem          fusion   classical_C3g    classical_C1
      1 0.31[0.19,0.43] 0.27[0.16,0.40] 0.33[0.21,0.46] 0.12[0.03,0.23] 0.12[0.03,0.23]
      2 0.30[0.19,0.42] 0.19[0.09,0.30] 0.29[0.17,0.41] 0.15[0.05,0.26] 0.15[0.05,0.26]
      3 0.25[0.14,0.38] 0.22[0.11,0.34] 0.25[0.13,0.38] 0.15[0.05,0.26] 0.15[0.05,0.26]
      5 0.50[0.37,0.63] 0.44[0.31,0.57] 0.44[0.29,0.58] 0.33[0.19,0.48] 0.33[0.19,0.48]
      7 0.39[0.27,0.52] 0.41[0.29,0.54] 0.48[0.33,0.62] 0.40[0.25,0.55] 0.40[0.25,0.55]
     10 0.24[0.15,0.34] 0.39[0.27,0.51] 0.21[0.11,0.33] 0.32[0.19,0.46] 0.32[0.19,0.46]
     14 0.35[0.23,0.46] 0.41[0.30,0.52] 0.35[0.21,0.49] 0.37[0.23,0.52] 0.37[0.23,0.52]

#### ROOM-level accuracy vs days of experience (confirmatory, clustered 95% CI) ####

  ### RARE
   days      llm_direct       llm_nomem          fusion   classical_C3g    classical_C1
      1 0.43[0.18,0.67] 0.41[0.22,0.59] 0.47[0.24,0.69] 0.00[0.00,0.00] 0.00[0.00,0.00]
      2 0.53[0.29,0.76] 0.31[0.18,0.47] 0.45[0.22,0.65] 0.10[0.00,0.31] 0.10[0.00,0.31]
      3 0.57[0.29,0.84] 0.59[0.37,0.82] 0.35[0.10,0.61] 0.10[0.00,0.31] 0.10[0.00,0.31]
      5 0.59[0.39,0.80] 0.61[0.53,0.67] 0.45[0.26,0.61] 0.22[0.04,0.45] 0.22[0.04,0.45]
      7 0.59[0.41,0.78] 0.61[0.51,0.69] 0.55[0.35,0.76] 0.22[0.04,0.45] 0.22[0.04,0.45]
     10 0.51[0.37,0.67] 0.59[0.43,0.76] 0.31[0.18,0.43] 0.22[0.08,0.41] 0.22[0.08,0.41]
     14 0.49[0.33,0.63] 0.55[0.45,0.65] 0.41[0.27,0.57] 0.20[0.04,0.39] 0.20[0.04,0.39]

  ### MEDIUM
   days      llm_direct       llm_nomem          fusion   classical_C3g    classical_C1
      1 0.29[0.06,0.57] 0.31[0.06,0.59] 0.27[0.10,0.49] 0.00[0.00,0.00] 0.00[0.00,0.00]
      2 0.10[0.02,0.20] 0.04[0.00,0.12] 0.16[0.04,0.33] 0.04[0.00,0.12] 0.04[0.00,0.12]
      3 0.16[0.04,0.33] 0.06[0.00,0.14] 0.29[0.08,0.53] 0.04[0.00,0.12] 0.04[0.00,0.12]
      5 0.24[0.04,0.53] 0.29[0.04,0.57] 0.31[0.04,0.63] 0.18[0.00,0.47] 0.18[0.00,0.47]
      7 0.41[0.18,0.67] 0.37[0.08,0.71] 0.57[0.24,0.86] 0.57[0.26,0.86] 0.57[0.26,0.86]
     10 0.35[0.12,0.61] 0.35[0.08,0.63] 0.57[0.24,0.86] 0.57[0.26,0.86] 0.57[0.26,0.86]
     14 0.24[0.06,0.47] 0.45[0.20,0.69] 0.57[0.14,0.86] 0.57[0.29,0.86] 0.57[0.29,0.86]

  ### FREQUENT
   days      llm_direct       llm_nomem          fusion   classical_C3g    classical_C1
      1 0.43[0.25,0.60] 0.34[0.18,0.51] 0.43[0.25,0.62] 0.19[0.05,0.38] 0.19[0.05,0.38]
      2 0.44[0.28,0.61] 0.27[0.12,0.44] 0.42[0.24,0.60] 0.19[0.05,0.38] 0.19[0.05,0.38]
      3 0.39[0.22,0.56] 0.25[0.10,0.42] 0.30[0.14,0.47] 0.19[0.05,0.36] 0.19[0.05,0.36]
      5 0.68[0.51,0.83] 0.51[0.33,0.69] 0.54[0.35,0.75] 0.45[0.27,0.68] 0.45[0.27,0.68]
      7 0.53[0.37,0.69] 0.46[0.29,0.64] 0.60[0.40,0.79] 0.53[0.32,0.73] 0.53[0.32,0.73]
     10 0.36[0.21,0.52] 0.42[0.25,0.60] 0.25[0.11,0.42] 0.36[0.18,0.56] 0.36[0.18,0.56]
     14 0.55[0.38,0.71] 0.50[0.34,0.66] 0.47[0.27,0.66] 0.50[0.31,0.69] 0.50[0.31,0.69]

  ### ALL
   days      llm_direct       llm_nomem          fusion   classical_C3g    classical_C1
      1 0.40[0.27,0.53] 0.35[0.22,0.47] 0.40[0.27,0.54] 0.12[0.03,0.23] 0.12[0.03,0.23]
      2 0.39[0.27,0.52] 0.23[0.13,0.35] 0.38[0.25,0.50] 0.15[0.05,0.26] 0.15[0.05,0.26]
      3 0.38[0.25,0.51] 0.28[0.17,0.40] 0.31[0.19,0.43] 0.15[0.05,0.26] 0.15[0.05,0.26]
      5 0.58[0.44,0.71] 0.49[0.36,0.62] 0.48[0.33,0.62] 0.36[0.21,0.51] 0.36[0.21,0.51]
      7 0.52[0.40,0.63] 0.47[0.34,0.60] 0.59[0.45,0.72] 0.48[0.33,0.63] 0.48[0.33,0.63]
     10 0.39[0.28,0.50] 0.44[0.32,0.56] 0.33[0.20,0.45] 0.38[0.24,0.52] 0.38[0.24,0.52]
     14 0.48[0.36,0.59] 0.50[0.38,0.62] 0.48[0.33,0.62] 0.46[0.31,0.61] 0.46[0.31,0.61]
wrote /data/oliver/robot/dynamic_home_eqa/reports/reflect/reflect_curves_distractor_d12.png and /data/oliver/robot/dynamic_home_eqa/reports/reflect/reflect_entropy_distractor_d12.png
