alpha sweep on DEV (252 queries, held-out accuracy):
  alpha=1:  fusion acc=0.250
  alpha=2:  fusion acc=0.278
  alpha=3:  fusion acc=0.313
  alpha=5:  fusion acc=0.325
  alpha=8:  fusion acc=0.341
  => FROZEN alpha* = 8

#### RECEPTACLE-level accuracy vs days of experience (confirmatory, clustered 95% CI) ####

  ### RARE
   days      llm_direct       llm_nomem          fusion   classical_C3g    classical_C1
      1 0.21[0.06,0.39] 0.17[0.05,0.30] 0.21[0.06,0.38] 0.01[0.00,0.02] 0.01[0.00,0.02]
      2 0.15[0.03,0.30] 0.10[0.02,0.21] 0.15[0.03,0.30] 0.01[0.00,0.02] 0.01[0.00,0.02]
      3 0.14[0.04,0.26] 0.11[0.03,0.21] 0.15[0.05,0.27] 0.02[0.00,0.04] 0.02[0.00,0.04]
      5 0.30[0.13,0.48] 0.20[0.07,0.35] 0.29[0.12,0.47] 0.12[0.02,0.25] 0.12[0.02,0.25]
      7 0.29[0.13,0.48] 0.21[0.07,0.37] 0.19[0.07,0.34] 0.12[0.02,0.26] 0.12[0.02,0.26]
     10 0.33[0.17,0.52] 0.19[0.08,0.31] 0.27[0.12,0.43] 0.12[0.02,0.26] 0.12[0.02,0.26]
     14 0.25[0.08,0.44] 0.22[0.09,0.37] 0.27[0.10,0.46] 0.16[0.02,0.32] 0.16[0.02,0.32]

  ### MEDIUM
   days      llm_direct       llm_nomem          fusion   classical_C3g    classical_C1
      1 0.09[0.02,0.18] 0.04[0.00,0.07] 0.07[0.02,0.14] 0.02[0.00,0.05] 0.02[0.00,0.05]
      2 0.18[0.04,0.36] 0.21[0.05,0.43] 0.21[0.07,0.43] 0.12[0.00,0.34] 0.12[0.00,0.34]
      3 0.38[0.14,0.62] 0.46[0.21,0.70] 0.43[0.16,0.70] 0.38[0.11,0.68] 0.38[0.11,0.68]
      5 0.36[0.12,0.61] 0.39[0.21,0.55] 0.45[0.16,0.73] 0.54[0.23,0.84] 0.54[0.23,0.84]
      7 0.34[0.11,0.62] 0.39[0.18,0.64] 0.29[0.04,0.59] 0.41[0.12,0.73] 0.41[0.12,0.73]
     10 0.50[0.20,0.80] 0.45[0.16,0.71] 0.34[0.11,0.59] 0.25[0.04,0.54] 0.25[0.04,0.54]
     14 0.46[0.18,0.75] 0.45[0.20,0.70] 0.52[0.21,0.79] 0.50[0.21,0.77] 0.50[0.21,0.77]

  ### FREQUENT
   days      llm_direct       llm_nomem          fusion   classical_C3g    classical_C1
      1 0.14[0.00,0.34] 0.09[0.00,0.23] 0.16[0.03,0.31] 0.10[0.00,0.30] 0.10[0.00,0.30]
      2 0.04[0.00,0.13] 0.13[0.01,0.30] 0.06[0.00,0.14] 0.10[0.00,0.30] 0.10[0.00,0.30]
      3 0.27[0.06,0.53] 0.21[0.03,0.43] 0.26[0.06,0.50] 0.21[0.00,0.50] 0.21[0.00,0.50]
      5 0.29[0.07,0.54] 0.31[0.13,0.53] 0.27[0.07,0.51] 0.34[0.07,0.61] 0.34[0.07,0.61]
      7 0.33[0.10,0.56] 0.34[0.07,0.61] 0.23[0.00,0.46] 0.24[0.00,0.49] 0.24[0.00,0.49]
     10 0.09[0.00,0.23] 0.41[0.20,0.64] 0.09[0.00,0.23] 0.19[0.00,0.41] 0.19[0.00,0.41]
     14 0.23[0.07,0.41] 0.31[0.13,0.51] 0.19[0.01,0.40] 0.31[0.06,0.61] 0.31[0.06,0.61]

  ### ALL
   days      llm_direct       llm_nomem          fusion   classical_C3g    classical_C1
      1 0.17[0.08,0.27] 0.12[0.04,0.20] 0.16[0.08,0.27] 0.04[0.00,0.10] 0.04[0.00,0.10]
      2 0.13[0.06,0.22] 0.13[0.06,0.22] 0.14[0.07,0.23] 0.06[0.00,0.14] 0.06[0.00,0.14]
      3 0.23[0.13,0.35] 0.22[0.13,0.33] 0.24[0.14,0.36] 0.15[0.05,0.27] 0.15[0.05,0.27]
      5 0.31[0.19,0.44] 0.27[0.18,0.38] 0.32[0.20,0.45] 0.27[0.15,0.41] 0.27[0.15,0.41]
      7 0.31[0.19,0.44] 0.29[0.18,0.42] 0.22[0.12,0.34] 0.22[0.11,0.34] 0.22[0.11,0.34]
     10 0.30[0.18,0.44] 0.31[0.20,0.42] 0.23[0.13,0.35] 0.17[0.07,0.28] 0.17[0.07,0.28]
     14 0.29[0.17,0.42] 0.30[0.19,0.41] 0.30[0.18,0.44] 0.28[0.15,0.42] 0.28[0.15,0.42]

#### ROOM-level accuracy vs days of experience (confirmatory, clustered 95% CI) ####

  ### RARE
   days      llm_direct       llm_nomem          fusion   classical_C3g    classical_C1
      1 0.39[0.19,0.59] 0.33[0.17,0.50] 0.40[0.20,0.60] 0.13[0.01,0.29] 0.13[0.01,0.29]
      2 0.36[0.17,0.56] 0.25[0.10,0.41] 0.35[0.17,0.55] 0.13[0.01,0.29] 0.13[0.01,0.29]
      3 0.33[0.15,0.52] 0.25[0.12,0.40] 0.33[0.16,0.52] 0.13[0.02,0.30] 0.13[0.02,0.30]
      5 0.47[0.27,0.67] 0.39[0.23,0.57] 0.45[0.25,0.66] 0.29[0.11,0.49] 0.29[0.11,0.49]
      7 0.44[0.25,0.64] 0.37[0.18,0.55] 0.35[0.18,0.54] 0.29[0.11,0.49] 0.29[0.11,0.49]
     10 0.48[0.31,0.67] 0.33[0.18,0.49] 0.46[0.29,0.64] 0.29[0.11,0.49] 0.29[0.11,0.49]
     14 0.40[0.21,0.60] 0.36[0.18,0.53] 0.47[0.27,0.67] 0.33[0.14,0.54] 0.33[0.14,0.54]

  ### MEDIUM
   days      llm_direct       llm_nomem          fusion   classical_C3g    classical_C1
      1 0.50[0.16,0.84] 0.45[0.14,0.73] 0.50[0.16,0.84] 0.38[0.12,0.75] 0.38[0.12,0.75]
      2 0.52[0.23,0.80] 0.57[0.27,0.86] 0.55[0.27,0.86] 0.48[0.12,0.84] 0.48[0.12,0.84]
      3 0.57[0.30,0.82] 0.62[0.34,0.89] 0.61[0.32,0.86] 0.61[0.25,0.88] 0.61[0.25,0.88]
      5 0.55[0.25,0.84] 0.61[0.34,0.84] 0.68[0.38,0.95] 0.73[0.44,0.98] 0.73[0.44,0.98]
      7 0.46[0.16,0.77] 0.59[0.30,0.86] 0.48[0.12,0.84] 0.61[0.25,0.88] 0.61[0.25,0.88]
     10 0.70[0.39,0.93] 0.61[0.25,0.88] 0.61[0.25,0.88] 0.48[0.12,0.82] 0.48[0.12,0.82]
     14 0.66[0.32,0.89] 0.62[0.29,0.89] 0.61[0.25,0.88] 0.57[0.25,0.86] 0.57[0.25,0.86]

  ### FREQUENT
   days      llm_direct       llm_nomem          fusion   classical_C3g    classical_C1
      1 0.33[0.10,0.60] 0.21[0.03,0.47] 0.31[0.09,0.57] 0.10[0.00,0.30] 0.10[0.00,0.30]
      2 0.30[0.07,0.57] 0.27[0.09,0.50] 0.30[0.07,0.57] 0.20[0.00,0.50] 0.20[0.00,0.50]
      3 0.63[0.36,0.89] 0.33[0.11,0.57] 0.61[0.36,0.87] 0.31[0.10,0.61] 0.31[0.10,0.61]
      5 0.47[0.24,0.71] 0.46[0.24,0.69] 0.46[0.23,0.70] 0.47[0.20,0.74] 0.47[0.20,0.74]
      7 0.46[0.20,0.71] 0.47[0.20,0.74] 0.36[0.11,0.63] 0.37[0.13,0.61] 0.37[0.13,0.61]
     10 0.29[0.09,0.53] 0.53[0.27,0.77] 0.29[0.09,0.53] 0.31[0.09,0.57] 0.31[0.09,0.57]
     14 0.34[0.13,0.57] 0.51[0.27,0.77] 0.34[0.14,0.59] 0.47[0.20,0.74] 0.47[0.20,0.74]

  ### ALL
   days      llm_direct       llm_nomem          fusion   classical_C3g    classical_C1
      1 0.40[0.25,0.54] 0.33[0.20,0.45] 0.40[0.25,0.54] 0.17[0.06,0.31] 0.17[0.06,0.31]
      2 0.38[0.24,0.52] 0.33[0.21,0.45] 0.38[0.25,0.52] 0.23[0.10,0.37] 0.23[0.10,0.37]
      3 0.46[0.33,0.60] 0.36[0.23,0.48] 0.47[0.33,0.61] 0.29[0.15,0.44] 0.29[0.15,0.44]
      5 0.49[0.35,0.63] 0.46[0.33,0.58] 0.50[0.37,0.64] 0.44[0.29,0.60] 0.44[0.29,0.60]
      7 0.45[0.31,0.59] 0.44[0.31,0.59] 0.38[0.24,0.52] 0.38[0.23,0.53] 0.38[0.23,0.53]
     10 0.48[0.34,0.61] 0.45[0.32,0.58] 0.44[0.31,0.58] 0.34[0.19,0.48] 0.34[0.19,0.48]
     14 0.44[0.30,0.58] 0.46[0.33,0.60] 0.46[0.33,0.61] 0.42[0.27,0.58] 0.42[0.27,0.58]
wrote /data/oliver/robot/dynamic_home_eqa/reports/reflect/reflect_curves_distractor_d6.png and /data/oliver/robot/dynamic_home_eqa/reports/reflect/reflect_entropy_distractor_d6.png
