
#### RECEPTACLE-level accuracy vs days of experience (confirmatory, clustered 95% CI) ####

  ### RARE
   days      llm_direct       llm_nomem          fusion   classical_C3g    classical_C1
      1 0.84[0.69,0.97] 0.81[0.69,0.91] 0.68[0.51,0.83] 0.13[0.00,0.32] 0.13[0.00,0.32]
      2 0.90[0.78,0.99] 0.77[0.68,0.87] 0.86[0.74,0.96] 0.22[0.00,0.47] 0.22[0.00,0.47]
      3 0.81[0.58,0.96] 0.70[0.49,0.88] 0.64[0.39,0.86] 0.31[0.09,0.56] 0.31[0.09,0.56]
      5 0.81[0.60,0.95] 0.68[0.47,0.84] 0.57[0.32,0.81] 0.23[0.05,0.45] 0.23[0.05,0.45]
      7 0.78[0.62,0.92] 0.60[0.40,0.78] 0.45[0.21,0.69] 0.23[0.05,0.45] 0.23[0.05,0.45]
     10 0.70[0.49,0.88] 0.62[0.43,0.79] 0.58[0.32,0.83] 0.31[0.09,0.56] 0.31[0.09,0.56]
     14 0.81[0.62,0.94] 0.52[0.32,0.70] 0.62[0.38,0.84] 0.36[0.12,0.62] 0.36[0.12,0.62]

  ### MEDIUM
   days      llm_direct       llm_nomem          fusion   classical_C3g    classical_C1
      1 0.57[0.29,0.86] 0.57[0.29,0.86] 0.57[0.29,0.86] 0.57[0.29,0.86] 0.57[0.29,0.86]
      2 0.52[0.29,0.86] 0.57[0.29,0.86] 0.57[0.29,0.86] 0.57[0.29,0.86] 0.57[0.29,0.86]
      3 0.57[0.29,0.86] 0.43[0.29,0.57] 0.29[0.00,0.57] 0.29[0.00,0.57] 0.29[0.00,0.57]
      5 0.33[0.14,0.57] 0.38[0.29,0.57] 0.29[0.00,0.57] 0.29[0.00,0.57] 0.29[0.00,0.57]
      7 0.33[0.00,0.86] 0.52[0.29,0.71] 0.57[0.29,0.86] 0.57[0.29,0.86] 0.57[0.29,0.86]
     10 0.29[0.00,0.57] 0.38[0.29,0.43] 0.71[0.57,0.86] 0.71[0.57,0.86] 0.71[0.57,0.86]
     14 0.43[0.29,0.71] 0.19[0.14,0.29] 0.33[0.00,0.71] 0.38[0.00,0.71] 0.38[0.00,0.71]

  ### FREQUENT
   days      llm_direct       llm_nomem          fusion   classical_C3g    classical_C1
      1 0.11[0.00,0.32] 0.11[0.00,0.21] 0.07[0.00,0.21] 0.00[0.00,0.00] 0.00[0.00,0.00]
      2 0.04[0.00,0.11] 0.14[0.00,0.32] 0.07[0.00,0.14] 0.00[0.00,0.00] 0.00[0.00,0.00]
      3 0.43[0.00,0.86] 0.43[0.00,0.86] 0.43[0.00,0.86] 0.43[0.00,0.86] 0.43[0.00,0.86]
      5 0.50[0.18,0.79] 0.50[0.14,0.86] 0.54[0.18,0.86] 0.68[0.25,1.00] 0.68[0.25,1.00]
      7 0.50[0.07,0.93] 0.43[0.00,0.86] 0.50[0.07,0.93] 0.68[0.25,1.00] 0.68[0.25,1.00]
     10 0.14[0.00,0.32] 0.39[0.14,0.79] 0.29[0.00,0.75] 0.54[0.07,1.00] 0.54[0.07,1.00]
     14 0.39[0.00,0.79] 0.39[0.07,0.82] 0.18[0.00,0.54] 0.29[0.00,0.75] 0.29[0.00,0.75]

  ### ALL
   days      llm_direct       llm_nomem          fusion   classical_C3g    classical_C1
      1 0.63[0.46,0.80] 0.61[0.45,0.76] 0.52[0.37,0.68] 0.17[0.05,0.33] 0.17[0.05,0.33]
      2 0.64[0.45,0.82] 0.60[0.44,0.74] 0.63[0.46,0.80] 0.23[0.07,0.40] 0.23[0.07,0.40]
      3 0.68[0.51,0.84] 0.60[0.43,0.75] 0.53[0.35,0.71] 0.33[0.16,0.52] 0.33[0.16,0.52]
      5 0.66[0.49,0.81] 0.59[0.43,0.73] 0.52[0.34,0.69] 0.34[0.17,0.52] 0.34[0.17,0.52]
      7 0.64[0.46,0.81] 0.55[0.39,0.71] 0.48[0.31,0.66] 0.39[0.21,0.58] 0.39[0.21,0.58]
     10 0.51[0.33,0.68] 0.53[0.38,0.68] 0.54[0.34,0.73] 0.43[0.25,0.62] 0.43[0.25,0.62]
     14 0.65[0.47,0.80] 0.44[0.28,0.59] 0.48[0.29,0.66] 0.35[0.17,0.54] 0.35[0.17,0.54]

#### ROOM-level accuracy vs days of experience (confirmatory, clustered 95% CI) ####

  ### RARE
   days      llm_direct       llm_nomem          fusion   classical_C3g    classical_C1
      1 0.86[0.70,0.99] 0.81[0.69,0.91] 0.69[0.52,0.84] 0.13[0.00,0.32] 0.13[0.00,0.32]
      2 0.90[0.78,0.99] 0.81[0.71,0.90] 0.86[0.74,0.96] 0.22[0.00,0.47] 0.22[0.00,0.47]
      3 0.84[0.61,1.00] 0.71[0.51,0.90] 0.68[0.43,0.90] 0.31[0.09,0.56] 0.31[0.09,0.56]
      5 0.83[0.62,0.96] 0.68[0.47,0.84] 0.57[0.32,0.81] 0.23[0.05,0.45] 0.23[0.05,0.45]
      7 0.78[0.62,0.92] 0.62[0.42,0.82] 0.55[0.31,0.77] 0.32[0.10,0.57] 0.32[0.10,0.57]
     10 0.79[0.62,0.92] 0.65[0.44,0.84] 0.68[0.42,0.90] 0.40[0.17,0.66] 0.40[0.17,0.66]
     14 0.91[0.84,0.97] 0.61[0.42,0.78] 0.71[0.48,0.91] 0.45[0.21,0.71] 0.45[0.21,0.71]

  ### MEDIUM
   days      llm_direct       llm_nomem          fusion   classical_C3g    classical_C1
      1 0.57[0.29,0.86] 0.57[0.29,0.86] 0.57[0.29,0.86] 0.57[0.29,0.86] 0.57[0.29,0.86]
      2 0.57[0.29,0.86] 0.57[0.29,0.86] 0.57[0.29,0.86] 0.57[0.29,0.86] 0.57[0.29,0.86]
      3 0.57[0.29,0.86] 0.57[0.29,0.86] 0.57[0.29,0.86] 0.57[0.29,0.86] 0.57[0.29,0.86]
      5 0.38[0.29,0.57] 0.57[0.29,0.86] 0.57[0.29,0.86] 0.57[0.29,0.86] 0.57[0.29,0.86]
      7 0.38[0.00,0.86] 0.57[0.29,0.86] 0.57[0.29,0.86] 0.57[0.29,0.86] 0.57[0.29,0.86]
     10 0.38[0.14,0.57] 0.52[0.29,0.86] 0.71[0.57,0.86] 0.71[0.57,0.86] 0.71[0.57,0.86]
     14 0.43[0.29,0.71] 0.24[0.14,0.29] 0.62[0.29,0.86] 0.67[0.43,0.86] 0.67[0.43,0.86]

  ### FREQUENT
   days      llm_direct       llm_nomem          fusion   classical_C3g    classical_C1
      1 0.14[0.00,0.32] 0.18[0.07,0.29] 0.07[0.00,0.21] 0.04[0.00,0.11] 0.04[0.00,0.11]
      2 0.11[0.00,0.21] 0.14[0.00,0.32] 0.14[0.00,0.32] 0.04[0.00,0.11] 0.04[0.00,0.11]
      3 0.43[0.00,0.86] 0.43[0.00,0.86] 0.43[0.00,0.86] 0.43[0.00,0.86] 0.43[0.00,0.86]
      5 0.54[0.29,0.79] 0.50[0.14,0.86] 0.54[0.18,0.86] 0.68[0.25,1.00] 0.68[0.25,1.00]
      7 0.57[0.21,0.93] 0.43[0.00,0.86] 0.54[0.14,0.93] 0.68[0.25,1.00] 0.68[0.25,1.00]
     10 0.32[0.14,0.50] 0.39[0.14,0.79] 0.32[0.04,0.79] 0.54[0.07,1.00] 0.54[0.07,1.00]
     14 0.50[0.18,0.79] 0.39[0.07,0.82] 0.29[0.00,0.57] 0.29[0.00,0.75] 0.29[0.00,0.75]

  ### ALL
   days      llm_direct       llm_nomem          fusion   classical_C3g    classical_C1
      1 0.65[0.48,0.82] 0.63[0.48,0.77] 0.53[0.37,0.69] 0.18[0.06,0.33] 0.18[0.06,0.33]
      2 0.67[0.49,0.83] 0.62[0.47,0.76] 0.65[0.48,0.81] 0.24[0.08,0.40] 0.24[0.08,0.40]
      3 0.71[0.52,0.87] 0.63[0.45,0.79] 0.60[0.41,0.78] 0.38[0.21,0.57] 0.38[0.21,0.57]
      5 0.69[0.53,0.83] 0.62[0.46,0.76] 0.56[0.40,0.73] 0.39[0.21,0.56] 0.39[0.21,0.56]
      7 0.67[0.50,0.82] 0.57[0.40,0.73] 0.55[0.37,0.71] 0.44[0.26,0.63] 0.44[0.26,0.63]
     10 0.62[0.47,0.77] 0.57[0.41,0.73] 0.60[0.41,0.78] 0.48[0.29,0.68] 0.48[0.29,0.68]
     14 0.74[0.60,0.87] 0.50[0.35,0.65] 0.60[0.43,0.77] 0.45[0.26,0.65] 0.45[0.26,0.65]
wrote /data/oliver/robot/dynamic_home_eqa/reports/reflect/reflect_curves_typd0.png and /data/oliver/robot/dynamic_home_eqa/reports/reflect/reflect_entropy_typd0.png
