results/regime_search/sick_spell_hl: 28 days from Monday; accuracy per day (%), then the moved-since-round half
agent             T1  W2  T3  F4  S5  S6  M7  T8  W9  T10 F11 S12 S13 M14 T15 W16 T17 F18 S19 S20 M21 T22 W23 T24 F25 S26 S27
--- all
oracle:recency     45  43  45  46  39  48  37  45  44  46  44  48  42  42  42  42  43  46  41  44  43  42  42  43  40  41  42
oracle:yesterday   42  37  51  37  32  42  36  42  38  36  41  39  39  38  36  37  46  44  25  38  38  29  44  39  34  40  41
oracle:routine     39  35  37  37   0  33  42  41  40  34  39  34  32  25  29  27  32  27  37  38  38  37  37  35  37  35  41
lastseen           46  44  46  47  40  49  39  45  45  48  45  49  44  43  43  43  44  47  43  45  44  44  44  44  42  42  43
mostfreq           34  44  51  57  50  56  55  59  58  63  59  62  52  43  51  47  52  50  61  57  55  60  59  62  63  62  63
mostfreq_hl1d      40  49  57  59  49  53  52  55  58  57  57  56  51  42  50  52  52  51  46  54  52  51  54  50  55  51  57
timetable          40  53  66  71  65  70  74  73  76  72  80  76  76  64  73  72  72  66  76  76  75  77  78  79  81  75  80
timetable_hl3d     44  54  68  73  66  72  77  74  76  74  78  77  76  65  73  72  72  67  72  77  76  76  77  77  77  76  81
timetable_hl1d     44  56  68  72  64  71  74  75  77  75  78  75  76  65  71  72  72  70  68  75  75  72  76  74  75  75  78
periodic           43  53  53  56  51  60  55  56  59  61  59  64  59  53  54  53  56  55  55  58  58  56  57  55  57  53  55
perpetua           44  52  60  57  51  53  56  57  59  60  66  57  55  50  57  55  54  55  53  60  58  56  57  57  58  57  59
--- moved
oracle:recency     31  31  29  34  28  38  27  38  32  33  36  31  31  31  35  33  35  33  34  34  30  34  32  32  28  27  32
oracle:yesterday   31  31  40  30  29  42  27  34  30  29  32  35  32  29  31  31  38  37  19  34  31  23  35  34  29  31  32
oracle:routine     27  30  26  30   0  31  33  36  32  29  33  29  23  16  25  18  21  21  30  31  35  29  25  29  29  25  32
lastseen           31  32  31  36  30  40  29  38  32  36  37  33  33  33  36  34  36  34  35  36  32  36  33  33  30  28  33
mostfreq           18  38  45  52  51  57  54  59  56  60  56  60  52  40  49  44  50  47  59  61  57  57  55  62  59  60  60
mostfreq_hl1d      23  43  46  55  47  51  44  53  52  53  52  49  45  38  46  48  46  45  41  48  48  49  49  48  49  46  51
timetable          28  53  66  73  70  77  79  75  81  75  83  80  80  68  74  75  71  72  78  83  80  82  81  82  83  78  86
timetable_hl3d     29  54  68  76  71  78  79  76  80  75  81  80  79  68  75  74  71  72  73  81  81  82  81  81  79  81  85
timetable_hl1d     29  55  66  75  67  76  75  76  79  76  79  78  77  68  74  75  72  72  67  79  77  76  79  79  77  78  83
periodic           26  44  44  48  44  54  48  51  53  53  54  53  52  49  50  48  50  46  49  53  49  51  50  48  49  43  49
perpetua           34  44  57  55  50  54  53  57  56  56  63  55  51  48  56  52  51  48  48  57  55  55  52  52  52  52  56

--- per stage (moved | still)
oracle:recency    lead:32(6401)  lead:83(1919)  return:32(4511)  return:81(1249)  sick:34(2564)  sick:80(636)
oracle:routine    lead:27(6401)  lead:55(1919)  return:29(4511)  return:65(1249)  sick:20(2564)  sick:60(636)
oracle:yesterday  lead:32(6401)  lead:63(1919)  return:30(4511)  return:61(1249)  sick:33(2564)  sick:67(636)
lastseen          lead:34(6401)  lead:83(1919)  return:33(4511)  return:81(1249)  sick:35(2564)  sick:81(636)
mostfreq          lead:51(6401)  lead:65(1919)  return:59(4511)  return:65(1249)  sick:46(2564)  sick:59(636)
timetable         lead:71(6401)  lead:61(1919)  return:81(4511)  return:63(1249)  sick:72(2564)  sick:60(636)
periodic          lead:48(6401)  lead:82(1919)  return:49(4511)  return:80(1249)  sick:49(2564)  sick:77(636)
perpetua          lead:53(6401)  lead:68(1919)  return:53(4511)  return:71(1249)  sick:51(2564)  sick:67(636)
timetable_hl3d    lead:71(6401)  lead:65(1919)  return:80(4511)  return:62(1249)  sick:72(2564)  sick:60(636)
timetable_hl1d    lead:70(6401)  lead:69(1919)  return:77(4511)  return:64(1249)  sick:72(2564)  sick:61(636)
mostfreq_hl1d     lead:47(6401)  lead:74(1919)  return:48(4511)  return:69(1249)  sick:45(2564)  sick:68(636)
